layers/alt.asc
NCOLS 292 
NROWS 290 
XLLCORNER -87.625 
YLLCORNER 24.5 
CELLSIZE 0.0416666666666667 
NODATA_value -1.7e+308 
[rows 32 to 63 of 290, columns 73 to 145 of 292]
-1.7e+308 -1.7e+308 -1.7e+308 -1.7e+308 -1.7e+308 -1.7e+308 -1.7e+308 618 573 868 842 792 974 1018 1065 985 918 812 778 898 936 1067 942 1109 1294 905 694 684 641 691 816 1060 1127 1047 941 980 951 989 1069 1153 987 946 958 801 660 743 736 750 876 838 841 714 683 644 595 462 324 321 328 305 296 284 282 261 249 257 252 243 253 242 242 227 235
-1.7e+308 -1.7e+308 -1.7e+308 -1.7e+308 -1.7e+308 -1.7e+308 -1.7e+308 461 540 611 560 656 684 700 890 654 567 579 603 789 1092 1020 1024 1365 1292 974 866 772 663 651 727 895 1187 1163 1103 1227 1181 1166 1124 943 879 872 791 674 730 933 838 816 912 787 726 698 685 635 733 518 347 310 277 272 273 289 293 281 251 254 259 262 261 249 234 226 236
-1.7e+308 -1.7e+308 -1.7e+308 -1.7e+308 -1.7e+308 -1.7e+308 -1.7e+308 492 485 481 501 582 566 658 583 567 703 881 1013 1123 1347 1080 1041 1225 1234 897 723 718 656 717 754 880 1151 1271 1144 1193 1164 1179 1189 966 889 787 695 767 899 915 870 878 768 628 517 486 450 658 584 393 313 294 295 297 290 262 282 271 271 275 284 281 277 253 244 211 218
-1.7e+308 -1.7e+308 -1.7e+308 -1.7e+308 -1.7e+308 -1.7e+308 -1.7e+308 558 569 536 494 504 516 539 539 561 746 802 853 909 901 872 1109 1103 1119 1035 823 814 664 800 1073 962 1179 1257 1188 1069 1097 1024 960 852 726 720 847 837 854 911 746 694 436 389 395 371 381 353 345 317 315 297 279 271 273 269 261 257 243 265 277 274 244 247 228 205 196
-1.7e+308 -1.7e+308 -1.7e+308 -1.7e+308 -1.7e+308 -1.7e+308 -1.7e+308 702 673 535 542 533 536 523 520 536 596 612 579 635 716 977 1108 1102 1265 1200 1260 848 668 765 954 1151 1145 1181 1025 972 1059 1031 798 569 493 741 699 906 771 530 381 365 357 338 343 355 324 304 332 320 290 309 305 302 284 273 281 275 248 244 266 261 229 222 239 227 197
-1.7e+308 -1.7e+308 -1.7e+308 -1.7e+308 -1.7e+308 -1.7e+308 618 686 619 574 528 515 562 572 574 552 622 628 591 592 636 684 707 978 1212 1313 1275 1034 745 828 1114 1060 931 955 901 875 967 783 536 443 485 567 520 633 548 366 329 318 309 321 319 348 331 314 293 293 284 284 286 278 273 264 262 258 258 232 249 233 200 196 232 211 207
615 891 635 531 493 506 555 570 590 546 550 528 565 668 651 572 580 622 619 591 666 912 945 987 900 1074 1020 819 710 804 1096 898 737 760 831 788 776 556 419 348 350 350 376 376 386 360 350 343 310 307 336 327 314 304 295 286 276 275 271 259 264 270 266 241 243 232 212 222 206 184 199 187 180
744 817 608 535 540 522 513 544 565 623 613 570 560 583 642 776 724 600 758 645 669 725 722 873 822 768 772 809 699 897 899 790 676 603 642 654 456 369 383 322 274 332 365 342 341 340 388 339 320 298 318 340 405 312 295 307 291 266 258 257 242 254 251 232 231 227 218 201 199 194 179 168 163
985 813 644 594 577 536 511 520 548 579 615 632 575 588 623 672 736 732 1014 736 687 823 950 821 706 653 791 826 707 760 652 580 546 570 597 526 348 337 326 313 273 276 330 322 309 328 347 344 324 300 304 309 342 312 290 273 280 286 265 239 236 226 239 218 212 219 226 222 196 169 167 171 179
813 912 869 711 605 560 548 520 573 630 689 619 624 594 579 612 638 787 1039 864 721 840 978 752 611 680 705 631 604 550 606 523 524 530 510 501 341 314 295 284 254 286 337 306 294 309 324 326 305 288 291 304 293 306 305 278 259 255 258 237 215 213 210 230 230 203 194 187 196 190 174 181 179
592 639 791 624 547 597 720 580 635 734 749 734 759 695 712 670 604 647 898 962 896 1013 916 702 604 641 719 602 612 514 457 500 537 489 508 413 331 309 297 269 249 283 319 301 283 304 306 311 300 283 271 295 285 287 291 282 262 239 244 240 232 205 205 220 222 220 199 176 164 188 200 202 195
492 551 545 477 530 712 829 644 615 643 749 769 795 880 987 851 680 752 855 706 811 833 626 541 668 651 702 587 559 484 432 488 447 417 422 319 302 291 279 255 242 277 292 275 279 286 284 281 291 273 284 276 287 266 275 269 252 248 233 227 223 213 197 199 216 196 198 193 164 174 197 179 168
459 499 463 456 657 931 873 731 636 702 693 737 703 836 930 970 873 911 869 634 580 533 501 509 574 644 667 595 511 408 441 423 375 317 314 290 276 284 264 252 250 236 243 267 259 273 269 269 284 274 260 263 277 269 252 260 261 244 229 210 207 222 208 197 177 173 186 173 160 167 184 177 156
441 438 423 501 588 654 565 672 786 830 829 836 736 882 809 661 631 666 781 546 479 445 458 539 500 483 493 477 438 333 315 343 289 272 266 278 264 263 277 279 255 213 248 244 255 262 256 263 274 274 260 254 272 252 235 256 262 250 227 210 196 198 195 205 197 177 158 156 161 147 172 177 169
419 430 463 465 483 539 546 645 785 920 856 707 760 689 629 586 511 531 574 500 545 483 427 463 440 428 435 453 421 388 284 234 253 241 265 265 271 263 256 255 239 213 234 251 243 252 247 256 259 274 260 241 265 245 227 242 245 241 239 233 216 199 184 187 186 192 187 172 154 144 144 147 145
453 415 475 493 516 588 610 709 832 769 612 521 521 495 499 524 476 486 462 467 487 446 417 432 424 427 444 446 436 343 274 251 233 228 241 241 275 284 259 235 223 212 233 238 249 247 230 246 247 266 252 230 253 255 231 219 228 229 227 231 214 195 190 175 165 158 156 165 178 158 135 130 136
411 389 455 531 651 757 662 627 651 571 540 490 446 423 430 449 450 442 470 492 442 429 416 409 423 425 438 432 376 301 299 293 271 255 225 227 251 272 250 236 232 222 229 226 230 225 239 241 242 249 260 227 230 236 237 214 204 215 206 220 222 213 207 192 178 173 157 146 139 142 150 136 124
348 361 410 495 583 767 685 505 496 473 510 475 428 419 412 415 438 441 494 471 444 416 401 420 429 461 429 362 321 267 263 276 259 251 233 221 229 245 236 227 226 225 209 226 242 243 236 230 232 255 257 242 232 216 233 209 195 212 192 214 216 197 206 201 183 162 156 156 147 139 136 133 130
358 428 443 442 433 558 663 510 452 462 461 471 432 412 381 401 389 406 414 425 436 391 401 399 420 372 279 299 253 253 258 246 242 259 248 237 226 215 216 219 217 207 208 229 224 228 238 217 231 243 242 239 227 218 204 218 200 203 181 200 209 196 188 200 195 186 174 164 145 144 143 128 120
395 503 425 416 396 397 452 472 445 429 414 429 410 396 363 363 376 396 387 404 389 365 383 403 340 266 281 261 234 230 250 246 234 230 254 252 238 236 246 242 227 204 217 214 213 235 239 210 227 221 233 225 238 221 202 194 204 185 180 171 197 196 177 185 194 190 181 168 163 156 142 129 117
422 450 412 368 375 377 406 428 412 387 390 397 367 370 354 376 371 370 361 380 358 375 385 325 283 260 294 281 251 236 219 221 238 216 236 264 258 260 247 219 210 202 209 197 214 230 230 211 201 222 218 218 220 226 201 189 178 182 172 169 192 193 180 165 175 185 175 163 150 139 131 125 118
368 377 384 360 346 340 355 382 358 356 359 350 364 356 345 356 363 346 347 349 342 353 323 290 270 248 257 269 259 243 233 209 216 219 240 268 280 265 237 234 224 205 190 192 208 225 215 215 197 222 201 203 210 217 208 195 174 160 173 154 177 177 186 172 155 171 173 162 168 162 148 149 148
343 369 389 346 313 317 326 326 328 343 365 367 391 400 370 343 344 353 375 342 299 304 291 266 258 251 238 231 237 238 228 231 221 214 239 261 264 259 254 234 217 200 190 181 196 209 208 195 200 209 194 185 199 205 190 197 185 173 159 153 162 168 179 169 156 151 155 166 154 150 163 160 158
331 364 336 304 328 348 339 338 351 358 357 371 386 372 352 337 359 369 366 346 303 273 272 265 259 237 230 229 217 215 218 220 233 213 242 261 251 244 237 222 211 208 206 177 175 196 194 183 206 195 176 174 197 192 178 193 197 187 178 168 153 151 161 173 161 142 142 162 163 147 147 163 152
299 295 302 329 347 351 363 361 361 364 394 364 350 338 333 338 368 364 333 319 289 272 275 260 253 255 258 240 243 230 235 220 227 211 220 238 239 231 225 216 208 187 185 184 173 188 176 181 193 182 164 180 195 187 170 173 188 195 181 169 163 156 144 163 166 152 135 139 149 147 143 153 161
284 323 338 325 319 327 340 348 339 347 370 351 330 327 330 356 360 329 307 313 286 257 256 272 274 250 259 275 258 257 253 253 234 214 211 208 201 217 210 205 206 207 190 172 158 178 170 173 173 160 157 176 188 171 157 171 186 195 189 172 161 154 150 141 152 143 134 132 133 139 140 139 165
285 300 306 298 325 314 319 341 335 359 357 330 328 345 358 367 310 293 300 281 266 252 241 269 260 242 232 260 252 259 251 235 230 216 216 195 180 186 199 206 197 185 191 180 164 157 160 165 159 152 157 175 184 155 147 163 178 177 184 175 156 153 147 152 140 152 146 149 155 149 134 136 147
315 291 289 293 316 325 333 337 327 356 345 313 327 342 349 357 317 294 270 271 270 270 244 234 246 237 223 248 236 255 260 240 219 220 227 204 177 173 182 187 198 203 182 171 163 160 152 164 152 141 153 161 171 162 142 168 175 162 180 179 170 163 154 162 142 159 163 149 147 143 135 125 124
315 296 327 336 336 343 331 323 336 332 320 297 323 325 340 353 319 297 273 261 250 243 236 227 251 246 236 231 227 245 251 226 213 204 200 199 190 170 158 170 174 182 162 158 168 156 152 161 163 152 133 141 170 155 142 158 161 158 181 173 158 169 169 160 161 159 150 140 131 126 123 125 128
305 315 340 334 304 309 306 329 311 298 302 313 324 327 345 338 320 306 307 295 278 261 246 232 237 238 246 221 215 236 249 233 222 200 204 186 176 172 160 141 151 155 141 142 145 140 140 137 141 149 132 140 153 133 144 167 155 160 169 151 152 166 171 162 165 156 154 141 130 133 144 145 135
345 333 324 309 296 313 306 292 301 311 312 300 310 308 326 318 323 300 302 294 282 280 262 268 252 227 225 222 215 219 236 231 219 207 194 186 189 191 166 167 151 138 133 128 133 133 129 117 125 150 147 128 134 133 158 158 150 156 153 150 160 151 155 153 159 155 142 140 150 147 159 147 144
333 326 308 298 300 322 313 309 312 301 284 280 291 301 321 299 289 304 281 278 268 251 262 257 257 244 227 212 217 211 226 229 228 204 208 199 209 199 186 170 151 138 131 147 161 143 136 121 118 111 139 131 123 141 163 146 142 141 143 162 145 141 137 137 144 157 157 150 155 164 152 155 157
