layers/alt.asc
NCOLS 292 
NROWS 290 
XLLCORNER -87.625 
YLLCORNER 24.5 
CELLSIZE 0.0416666666666667 
NODATA_value -1.7e+308 
[rows 128 to 159 of 290, columns 73 to 145 of 292]
56 55 55 53 55 54 50 51 55 59 64 94 110 105 106 102 108 100 98 102 97 96 94 90 80 70 80 81 78 73 76 74 77 75 77 73 67 68 70 69 67 64 61 59 57 54 51 53 51 51 48 47 44 43 36 34 33 33 28 37 30 21 22 24 24 21 26 19 11 10 10 4 4
56 52 50 52 51 52 54 51 56 63 73 102 103 103 99 97 99 102 92 94 91 88 86 84 75 75 83 79 77 72 70 70 73 73 72 71 65 69 70 68 66 63 60 60 59 57 54 52 51 50 49 48 46 45 45 43 40 34 40 45 32 22 24 26 22 19 22 17 11 11 10 6 3
49 49 51 51 50 51 52 53 61 78 103 105 97 95 90 95 89 91 91 96 89 82 76 75 66 73 77 75 77 72 66 73 71 73 68 69 64 66 68 66 67 65 62 60 60 58 56 53 50 49 49 47 46 45 47 47 44 41 40 44 25 25 22 23 16 22 20 9 8 9 11 12 4
48 44 49 48 48 49 51 56 80 105 108 101 89 85 83 86 82 82 86 89 83 80 75 66 64 71 72 72 73 68 62 70 67 67 68 64 59 65 65 65 64 64 60 59 59 55 53 52 50 48 48 46 44 44 43 46 46 44 44 41 28 26 25 19 13 24 14 7 7 8 9 9 4
47 46 48 47 50 49 55 66 95 103 100 101 92 80 80 76 75 80 87 80 75 73 70 68 63 63 64 69 71 70 67 64 64 67 72 67 56 62 65 63 62 62 61 58 59 55 52 50 48 46 45 45 43 42 43 43 44 45 43 38 30 26 28 20 15 21 12 9 7 7 12 14 7
45 45 45 46 48 53 67 94 104 98 89 90 90 74 83 71 81 80 78 82 77 79 65 63 73 70 61 69 70 68 60 65 63 73 63 62 61 55 64 61 60 60 58 57 55 54 53 51 50 47 45 44 43 42 44 40 42 44 45 35 28 26 28 10 17 16 9 11 11 8 4 8 8
42 46 44 48 50 67 94 95 100 95 87 82 81 71 79 67 70 71 77 80 72 73 65 59 67 69 62 61 63 65 64 56 68 69 62 65 61 55 62 62 59 58 59 55 56 55 51 50 47 42 43 42 43 47 46 45 42 41 44 35 27 25 28 10 15 14 10 7 8 5 4 2 1
40 41 44 52 68 91 95 89 93 92 83 75 72 71 67 73 77 79 81 76 70 58 58 54 61 71 57 54 63 62 53 59 69 63 65 64 60 53 59 60 56 56 57 54 53 52 50 48 45 43 44 47 47 43 43 42 40 41 42 34 25 25 28 10 14 11 7 9 11 13 15 12 7
45 44 57 83 99 99 88 79 91 83 82 78 67 70 72 82 82 72 76 67 76 73 64 51 65 68 61 58 52 56 54 67 66 68 66 61 58 49 56 58 56 56 54 54 52 51 47 48 46 45 48 46 46 41 44 41 41 41 41 34 25 28 26 13 9 7 8 10 10 11 11 12 9
51 72 94 90 91 98 87 76 75 77 70 71 61 78 81 86 75 65 72 65 66 71 77 59 58 64 59 57 56 49 59 69 68 66 61 56 56 49 55 57 53 54 55 53 53 48 48 47 47 46 47 45 40 42 43 43 41 41 41 39 24 29 28 11 10 8 9 10 10 9 8 5 3
92 95 89 83 97 90 86 72 67 74 61 69 80 90 89 73 61 52 56 64 56 62 68 60 52 58 62 49 57 68 65 62 61 59 54 55 53 44 54 56 54 53 52 51 49 49 48 47 45 46 46 44 41 41 42 42 39 41 44 39 23 19 14 16 8 8 11 10 10 11 9 5 10
89 87 81 86 89 82 82 77 61 59 68 85 86 80 76 65 62 63 47 55 56 55 51 52 58 50 43 48 62 63 62 63 59 53 50 53 51 46 53 53 52 49 49 48 49 48 48 46 46 44 44 43 41 40 40 40 40 40 44 39 23 13 18 25 9 8 10 9 10 6 9 7 10
80 85 75 74 76 80 71 62 56 76 80 81 76 63 58 54 55 59 54 45 53 54 56 49 48 49 51 43 56 61 63 60 55 54 50 51 45 46 52 50 51 49 49 49 48 47 47 46 45 44 42 41 40 40 40 41 40 39 43 38 19 22 29 23 12 11 10 9 7 6 2 5 4
74 87 73 70 85 73 58 59 67 65 64 68 63 69 62 56 47 61 51 48 40 51 50 48 48 55 57 43 40 49 59 54 54 51 48 45 43 47 51 50 50 48 48 47 47 47 46 46 45 43 42 41 40 40 40 40 40 40 42 40 23 22 29 29 17 12 9 7 11 10 10 13 9
83 69 59 73 74 64 49 53 44 43 51 53 50 51 60 53 47 56 49 46 39 46 45 38 42 46 46 46 45 35 42 41 45 50 51 46 40 50 50 48 49 49 49 47 46 46 46 45 44 43 42 41 41 41 40 40 41 40 41 45 22 22 28 29 19 11 8 8 10 8 9 11 13
68 63 60 75 62 45 49 51 61 51 60 57 68 50 44 51 43 54 57 50 40 44 42 38 42 43 57 56 49 49 37 32 41 45 49 49 40 47 49 48 48 48 49 48 46 45 45 45 44 43 42 42 42 42 41 41 41 39 40 42 28 19 26 30 23 10 9 9 8 8 6 9 9
68 53 65 66 46 47 44 63 65 55 61 56 55 54 28 38 46 56 40 49 39 40 37 34 40 40 45 40 39 36 40 32 37 48 50 49 46 37 43 49 48 46 47 48 47 45 44 44 44 43 43 42 43 43 43 42 44 41 44 49 27 21 24 25 23 12 8 8 5 4 2 2 3
63 48 63 62 38 41 40 65 61 44 53 47 45 45 43 60 63 53 35 35 33 35 35 36 36 39 37 41 42 40 36 36 31 36 39 39 38 31 45 46 48 46 45 46 46 45 44 43 43 43 43 43 43 44 44 44 46 47 50 50 28 21 26 25 28 16 8 7 9 10 10 12 4
50 44 49 43 42 44 62 65 54 44 48 42 38 42 51 63 64 44 36 33 31 34 34 36 36 38 38 43 48 46 35 34 29 31 32 30 32 41 39 43 45 44 43 44 44 44 43 42 42 42 42 43 44 45 46 46 47 48 47 40 27 22 27 30 25 20 8 7 10 11 12 12 13
37 43 49 43 42 30 37 56 52 34 29 28 46 51 61 60 66 38 35 36 32 35 35 35 36 37 43 45 39 34 34 33 28 28 27 32 33 37 35 38 40 41 41 42 42 42 42 41 41 42 42 43 44 46 47 47 47 46 42 33 25 24 30 29 23 21 11 8 8 10 9 7 9
45 49 46 40 36 23 24 31 39 37 38 29 32 55 63 60 52 36 35 35 30 32 32 33 39 38 43 38 35 33 32 32 31 27 29 32 33 37 32 31 32 36 36 36 37 37 36 38 40 40 40 41 42 44 46 45 45 40 35 29 24 25 26 27 29 26 17 10 10 9 5 3 2
43 42 39 38 33 24 20 20 19 17 21 18 23 22 30 37 38 34 30 31 32 33 34 37 39 37 36 35 34 34 32 31 28 28 30 29 31 36 44 36 24 21 18 23 28 24 29 32 34 34 31 32 34 40 47 45 36 25 26 29 21 20 26 28 31 30 21 10 10 11 8 12 13
37 36 31 34 29 18 15 18 21 16 17 17 17 18 22 19 19 20 24 27 30 33 32 34 33 34 35 33 33 33 35 29 26 28 29 27 30 33 37 44 40 30 25 19 21 28 32 40 41 37 30 32 41 46 51 47 36 37 33 40 33 22 29 30 28 27 28 15 10 6 5 9 16
31 31 28 26 23 17 15 17 18 13 16 14 18 16 22 15 15 18 19 20 22 27 32 32 31 33 36 34 34 33 32 28 26 29 28 26 27 29 33 37 47 46 40 35 36 31 36 42 42 41 36 42 48 49 50 47 43 39 34 39 42 25 28 29 28 28 26 22 8 2 7 9 14
27 27 25 25 22 14 15 20 16 14 12 15 13 12 15 12 17 16 17 17 20 20 25 31 32 32 35 34 31 32 31 29 27 28 26 25 25 26 36 45 50 58 52 47 41 45 44 47 45 47 45 45 47 49 49 44 35 34 38 41 45 28 28 26 26 27 24 17 8 6 1 8 13
23 21 24 22 19 15 19 16 11 12 13 12 11 12 16 15 17 16 16 18 16 18 20 25 31 32 33 32 32 33 33 26 23 23 23 23 24 26 33 39 54 49 48 44 38 36 48 46 49 49 46 46 47 46 45 44 35 37 42 42 49 30 25 24 23 23 20 10 11 5 4 11 11
22 21 23 23 18 14 15 17 12 9 10 13 9 12 15 13 13 15 15 21 15 16 19 21 26 29 33 30 32 32 32 27 22 21 22 23 25 26 34 43 44 48 41 33 32 36 33 33 43 46 42 44 45 44 44 44 39 40 41 42 51 34 23 21 19 17 11 17 9 3 9 10 10
21 20 23 19 20 15 13 7 2 2 2 7 7 5 8 18 15 13 12 16 16 16 17 20 22 26 30 31 32 32 30 29 25 23 24 25 26 26 29 34 34 40 39 31 29 28 33 40 43 37 38 41 41 40 41 44 39 39 39 42 52 43 23 19 15 16 13 10 8 4 4 11 11
19 19 16 15 15 8 5 -1.7e+308 -1.7e+308 -1.7e+308 -1.7e+308 -1.7e+308 -1.7e+308 -1.7e+308 -1.7e+308 7 11 10 16 13 15 15 15 18 21 24 28 30 31 30 28 27 26 26 26 26 27 27 21 24 25 28 28 24 23 27 35 40 44 39 39 36 33 38 43 45 39 37 39 43 51 51 25 22 18 25 23 17 12 3 12 13 12
15 15 9 10 9 2 -1.7e+308 -1.7e+308 -1.7e+308 -1.7e+308 -1.7e+308 -1.7e+308 -1.7e+308 -1.7e+308 -1.7e+308 -1.7e+308 -1.7e+308 6 9 13 13 16 17 20 20 24 28 28 29 30 30 30 29 29 28 28 28 28 15 16 15 17 22 20 17 24 29 31 34 35 39 38 40 38 34 33 39 39 41 45 55 55 28 27 29 26 38 32 19 5 8 13 12
13 11 8 4 5 4 -1.7e+308 -1.7e+308 -1.7e+308 -1.7e+308 -1.7e+308 -1.7e+308 -1.7e+308 -1.7e+308 -1.7e+308 -1.7e+308 -1.7e+308 -1.7e+308 -1.7e+308 6 12 16 17 19 21 24 26 28 27 31 31 30 29 27 26 25 24 24 12 11 11 13 14 12 18 22 24 34 30 32 43 42 34 29 31 34 45 43 44 48 53 61 43 45 36 29 39 33 33 16 7 3 8
13 13 13 11 10 5 -1.7e+308 -1.7e+308 -1.7e+308 -1.7e+308 -1.7e+308 -1.7e+308 -1.7e+308 -1.7e+308 -1.7e+308 -1.7e+308 -1.7e+308 -1.7e+308 -1.7e+308 -1.7e+308 -1.7e+308 12 16 19 20 20 24 24 23 24 25 27 27 26 25 24 23 23 15 11 10 11 11 11 20 23 31 39 36 30 31 31 25 26 37 45 45 40 42 47 53 63 43 49 35 39 32 37 39 24 15 5 7
