layers/alt.asc
NCOLS 292 
NROWS 290 
XLLCORNER -87.625 
YLLCORNER 24.5 
CELLSIZE 0.0416666666666667 
NODATA_value -1.7e+308 
[rows 0 to 31 of 290, columns 146 to 218 of 292]
951 903 886 856 811 824 822 809 787 774 806 824 783 809 826 -1.7e+308 -1.7e+308 -1.7e+308 -1.7e+308 -1.7e+308 -1.7e+308 -1.7e+308 -1.7e+308 -1.7e+308 -1.7e+308 -1.7e+308 -1.7e+308 -1.7e+308 -1.7e+308 -1.7e+308 -1.7e+308 -1.7e+308 -1.7e+308 -1.7e+308 -1.7e+308 -1.7e+308 -1.7e+308 -1.7e+308 -1.7e+308 -1.7e+308 -1.7e+308 -1.7e+308 -1.7e+308 -1.7e+308 -1.7e+308 -1.7e+308 -1.7e+308 -1.7e+308 -1.7e+308 -1.7e+308 -1.7e+308 -1.7e+308 -1.7e+308 -1.7e+308 -1.7e+308 -1.7e+308 -1.7e+308 -1.7e+308 -1.7e+308 -1.7e+308 -1.7e+308 -1.7e+308 -1.7e+308 -1.7e+308 -1.7e+308 -1.7e+308 -1.7e+308 -1.7e+308 -1.7e+308 -1.7e+308 -1.7e+308 -1.7e+308 -1.7e+308
903 930 883 842 830 841 899 841 866 930 890 835 798 839 849 500 441 453 408 386 361 360 341 367 473 457 383 360 346 318 307 338 329 325 310 289 281 251 278 282 239 217 202 199 175 170 180 189 170 193 189 164 144 141 140 143 148 166 163 145 136 126 140 152 147 151 149 136 121 115 106 113 112
876 950 871 898 858 850 912 991 1027 934 872 842 813 840 705 514 451 419 373 371 377 327 318 363 428 379 363 334 323 305 295 326 308 296 323 311 285 258 253 249 214 187 178 182 179 211 204 183 195 190 158 154 160 152 158 147 157 153 141 149 152 142 157 152 160 177 157 153 133 126 123 131 118
970 1016 931 883 844 875 914 967 1041 1003 943 893 856 789 533 464 415 391 366 357 352 362 331 344 366 345 362 348 334 282 277 273 295 265 296 270 245 240 218 228 208 177 209 219 228 235 205 194 174 173 175 163 179 168 154 157 153 160 155 174 171 173 183 167 170 188 174 153 148 136 134 135 125
1028 988 940 872 941 923 918 949 801 649 614 546 738 801 504 434 386 399 383 359 337 382 354 311 316 323 347 356 376 388 464 344 265 248 250 243 210 192 193 188 193 211 231 252 232 219 206 192 186 206 192 185 173 160 173 169 165 180 164 184 201 213 204 172 180 186 176 162 163 155 149 150 138
1026 1000 914 894 870 827 784 703 597 520 448 442 455 452 412 396 372 372 366 347 325 343 340 308 302 362 330 347 343 329 320 325 289 245 220 214 199 219 229 216 220 235 241 252 243 232 210 195 210 207 188 193 194 175 173 182 180 168 165 192 199 203 197 177 182 174 162 156 157 156 157 149 151
949 932 920 925 810 609 560 532 539 486 412 397 390 428 402 376 376 334 323 328 315 315 319 297 295 312 302 287 317 311 281 277 247 216 198 216 224 251 250 240 263 252 248 238 239 237 221 210 216 215 224 220 202 183 192 177 193 181 191 199 192 183 179 168 191 168 152 145 146 157 146 139 138
953 996 959 838 689 487 475 553 427 413 386 360 387 387 368 341 329 309 293 294 289 283 287 279 276 272 271 302 326 302 258 225 214 218 234 241 254 276 271 267 254 247 245 237 228 219 218 224 237 218 207 218 215 211 202 193 205 193 208 197 181 178 165 171 179 168 165 148 132 140 133 131 122
953 917 699 669 538 554 440 394 390 372 388 364 338 337 321 301 304 309 322 313 306 307 319 311 298 286 257 297 291 287 273 248 255 242 251 247 266 280 264 257 252 248 249 248 239 242 235 217 224 209 202 200 202 216 216 211 216 213 213 196 190 191 171 157 172 157 153 154 139 127 115 128 119
649 685 655 518 507 415 415 405 367 361 329 318 318 318 323 344 375 354 351 319 286 303 303 286 287 283 253 280 270 275 268 280 281 282 267 257 274 274 265 255 252 249 239 233 231 230 220 211 207 209 196 188 203 205 199 208 214 211 200 195 188 185 165 158 143 143 135 131 127 116 105 117 105
619 527 539 503 416 372 384 358 329 315 349 372 407 414 385 360 336 337 307 301 295 277 276 264 249 257 240 267 255 260 282 293 288 282 279 293 287 270 268 260 252 253 251 247 239 222 219 219 203 195 191 190 200 188 193 207 207 203 208 186 179 174 157 137 129 112 111 108 106 112 121 127 117
522 567 490 448 366 372 343 377 352 422 476 442 422 413 383 348 330 316 307 281 267 267 253 245 230 247 260 262 250 269 275 264 267 277 288 292 285 282 269 266 269 254 238 234 225 224 213 217 209 204 194 177 180 180 198 213 208 195 196 180 171 184 164 130 100 83 100 102 103 100 114 140 136
554 508 387 399 401 440 365 417 448 563 594 530 454 360 329 310 316 309 282 297 287 267 264 251 232 228 244 250 238 250 249 267 270 271 281 284 271 272 265 275 259 249 240 233 222 210 199 193 192 193 185 182 168 190 195 211 201 191 188 193 167 146 126 107 97 92 82 95 97 105 128 138 149
415 427 430 407 419 492 517 481 504 463 418 410 394 352 339 324 314 296 262 281 272 251 245 239 238 245 230 238 233 233 242 249 262 273 271 271 266 259 257 260 260 244 240 227 216 208 203 201 187 180 171 170 169 178 193 200 209 210 193 169 149 146 123 111 108 106 92 84 97 106 111 141 127
447 475 411 466 511 508 406 383 376 398 362 353 374 372 341 309 288 291 280 254 276 268 249 224 225 249 229 228 232 233 247 260 254 262 253 255 269 263 244 243 247 255 254 236 224 211 218 202 186 189 188 184 163 176 189 179 183 188 173 158 132 97 111 111 116 103 104 110 116 96 104 112 108
370 383 486 481 453 409 387 351 355 362 335 331 336 307 299 281 266 261 271 262 247 250 254 236 221 231 241 232 223 243 253 263 244 237 240 252 272 259 245 233 237 243 245 237 226 224 211 199 198 205 230 202 168 153 169 168 173 167 159 148 98 92 97 106 116 125 129 142 122 121 102 88 92
383 451 413 394 403 362 427 348 340 346 350 316 298 275 264 262 260 251 241 247 252 231 238 244 225 225 235 224 226 241 250 247 232 230 246 265 254 249 242 237 225 235 230 239 239 217 214 215 222 207 190 179 168 160 147 158 169 159 138 134 99 81 95 90 108 118 127 144 133 130 118 77 80
386 379 382 370 350 345 352 348 314 319 322 308 307 294 281 279 269 259 246 240 230 229 225 235 231 213 227 220 233 244 238 227 219 237 247 272 251 215 226 236 223 218 227 242 234 197 209 229 215 205 194 188 170 171 156 150 144 174 163 144 88 77 86 95 111 102 122 110 108 110 103 90 74
369 359 350 340 319 316 308 308 302 282 295 301 297 292 287 267 260 261 266 257 250 230 219 222 227 215 229 240 237 226 232 223 238 251 256 234 216 189 214 210 227 220 219 229 211 190 215 218 201 193 194 193 182 170 158 149 139 154 144 121 80 76 97 106 113 113 134 128 124 92 77 86 77
347 336 324 319 314 330 333 323 300 298 277 283 291 294 273 274 267 252 249 239 235 227 232 217 214 214 225 230 222 213 229 214 242 260 235 205 190 182 191 207 198 216 211 199 197 180 200 199 207 196 182 186 182 177 164 157 146 125 144 123 75 88 96 106 124 130 145 138 115 94 82 72 74
430 371 337 341 332 339 319 299 287 278 266 260 270 274 282 278 256 248 243 239 230 236 223 223 235 224 212 214 204 202 218 225 236 251 233 230 209 168 167 183 196 237 221 193 166 161 178 188 188 199 179 176 199 165 157 145 139 141 112 103 75 86 91 105 138 130 121 127 115 101 92 79 68
384 355 349 319 307 292 289 303 302 279 283 275 267 258 264 266 275 262 254 241 226 219 224 240 226 216 218 213 208 201 212 213 224 225 222 226 189 156 155 174 239 252 224 195 178 156 173 176 176 202 188 174 157 145 130 136 138 131 107 78 80 86 98 105 107 130 129 115 104 91 100 100 102
377 357 349 328 298 268 287 277 294 300 305 291 284 260 243 255 264 264 255 243 232 228 239 233 228 231 233 224 210 201 198 212 214 212 220 208 171 151 161 208 239 239 204 178 179 163 156 157 167 180 165 153 156 144 126 118 122 114 95 72 77 89 84 90 122 123 116 105 111 108 88 89 89
359 343 340 328 302 275 267 264 282 303 310 285 257 257 238 246 264 272 262 250 253 253 244 234 245 240 250 227 219 203 202 203 199 203 215 195 170 146 176 245 228 235 210 184 164 152 136 146 157 161 149 138 132 125 108 104 104 97 79 59 67 77 74 98 130 129 120 106 94 95 97 84 72
372 363 332 327 304 262 263 265 292 299 321 281 251 237 243 248 250 259 248 246 268 261 252 243 253 260 243 228 218 216 208 188 204 209 224 226 187 145 212 241 222 214 206 170 155 155 133 137 150 149 148 127 104 89 80 77 89 88 71 62 63 79 107 121 129 114 111 103 91 82 79 74 78
316 334 314 297 284 261 251 271 293 280 276 259 262 243 235 232 244 238 240 230 253 242 245 230 238 241 232 228 230 220 203 193 198 207 196 216 176 161 231 229 213 204 201 170 149 138 127 130 129 134 122 117 88 89 91 93 99 94 79 86 89 78 101 101 101 102 91 94 87 74 77 79 63
304 302 312 291 282 260 248 276 284 259 255 246 239 241 229 239 243 224 234 221 228 224 225 219 224 225 226 222 217 214 199 196 205 185 169 186 150 167 210 216 195 196 184 163 159 145 138 122 116 111 102 85 89 102 105 115 107 119 123 132 114 85 70 79 82 82 83 86 84 82 59 61 60
298 294 300 280 271 258 253 267 266 261 249 236 229 236 230 228 237 226 213 210 206 212 211 199 210 213 208 197 204 199 192 198 207 197 163 183 136 180 239 191 183 179 185 168 154 141 128 139 134 125 92 94 98 110 116 136 130 123 114 119 127 114 95 89 70 63 72 73 81 76 85 77 65
283 281 297 286 271 265 257 242 236 246 257 229 225 221 221 224 236 229 219 203 206 203 206 195 202 206 190 196 193 197 180 173 174 179 160 153 136 208 210 173 168 167 183 166 154 142 149 152 137 103 99 104 113 125 136 134 119 108 103 94 90 98 87 84 83 55 50 59 73 72 76 81 62
278 269 275 271 289 284 277 262 232 226 244 226 210 215 210 227 237 247 230 209 194 182 191 192 190 206 176 197 172 189 187 162 161 169 146 115 183 216 193 178 148 165 178 176 169 166 177 153 116 113 123 146 137 134 125 121 114 104 102 91 85 75 74 61 57 51 49 44 57 65 70 72 68
272 261 244 267 292 268 256 244 232 226 231 225 200 205 218 235 244 245 218 206 204 189 180 186 185 172 188 202 194 159 157 145 163 152 125 125 184 184 157 151 142 170 202 207 199 191 167 144 128 142 141 144 125 116 108 110 113 116 91 96 110 102 72 65 68 57 42 39 45 58 63 62 65
258 252 232 264 302 278 255 245 237 240 225 216 199 213 228 237 227 231 235 233 220 201 193 202 176 164 200 200 187 142 132 142 159 130 99 128 135 144 137 135 152 175 200 202 181 187 172 162 148 140 127 114 104 105 94 94 95 105 107 101 81 80 72 55 54 47 39 36 41 50 53 58 64
