layers/bio19.asc
NCOLS 292 
NROWS 290 
XLLCORNER -87.625 
YLLCORNER 24.5 
CELLSIZE 0.0416666666666667 
NODATA_value -1.7e+308 
[rows 124 to 154 of 290, columns 70 to 139 of 292]
380 378 376 374 372 371 368 366 363 361 358 355 353 350 348 348 345 347 345 342 341 338 335 333 330 326 325 321 318 316 313 312 310 308 308 307 307 308 309 310 312 314 315 318 318 319 319 317 316 315 314 312 310 307 305 303 300 297 296 294 293 292 289 288 288 286 285 282 280 278
379 378 376 373 372 371 368 367 363 361 359 357 354 353 350 348 347 348 345 342 342 339 335 332 331 326 324 320 316 315 311 310 309 307 306 306 305 305 307 308 310 312 313 314 316 316 316 316 315 314 312 310 309 305 303 300 298 297 294 293 292 290 289 287 286 285 283 282 280 278
379 377 375 374 371 370 367 366 363 362 360 359 356 354 353 352 349 348 346 344 342 340 339 334 330 327 323 319 315 313 311 308 306 305 304 304 302 303 304 306 307 310 312 313 315 315 315 315 313 311 310 308 306 304 301 298 296 294 292 291 290 289 287 287 286 284 283 281 280 277
378 376 374 373 371 369 367 366 363 363 361 359 358 355 355 354 352 349 346 345 342 341 338 335 331 327 323 320 315 313 309 306 303 302 301 300 300 300 301 303 305 308 310 312 313 314 314 313 312 310 309 307 305 302 299 297 293 292 291 291 289 287 287 286 285 284 283 282 279 276
376 376 373 371 369 368 367 365 363 363 361 360 359 355 356 354 352 349 347 345 342 342 339 336 333 328 324 319 313 312 307 305 301 299 297 297 297 297 299 300 303 306 308 310 312 313 313 313 312 310 309 306 305 301 298 296 293 291 290 289 287 287 287 286 285 282 282 281 279 276
375 373 372 370 369 367 366 365 363 363 360 360 358 357 357 354 352 348 346 345 344 341 340 337 333 327 323 318 313 310 306 302 300 295 295 293 294 295 296 297 300 304 307 308 311 312 313 312 312 310 307 306 303 301 299 295 293 292 290 288 288 287 286 285 283 283 282 279 276 274
373 372 371 368 368 366 365 363 363 362 360 360 359 359 356 353 351 348 347 344 342 342 340 336 332 327 323 317 314 309 305 300 297 293 291 289 290 290 293 295 298 302 305 307 311 312 313 313 312 310 307 305 302 301 297 295 293 291 289 288 286 287 285 282 281 280 280 276 274 271
371 370 368 367 365 365 363 363 361 360 360 360 360 359 356 352 349 347 345 343 342 340 338 335 331 326 321 316 312 308 303 298 294 290 288 285 285 286 289 291 296 300 304 307 310 312 312 313 311 310 307 305 302 300 297 295 293 290 289 288 286 285 284 282 280 279 277 274 273 268
369 367 367 364 364 363 362 362 361 361 359 360 360 356 355 352 348 346 343 341 340 340 336 333 329 324 321 315 311 306 303 297 293 289 284 282 281 283 286 289 294 298 303 306 310 312 313 313 311 309 306 305 301 299 297 294 292 290 288 287 286 284 283 280 279 277 275 272 271 268
366 365 364 363 362 362 361 360 360 360 361 360 359 356 353 351 348 346 342 341 339 337 336 332 329 324 320 317 312 306 302 296 291 286 282 277 277 279 284 288 292 297 301 305 309 313 313 312 310 309 306 304 302 298 296 294 291 290 288 286 284 283 281 279 278 276 272 271 268 265
364 363 361 360 360 360 359 359 361 362 360 359 357 355 352 350 346 345 342 339 336 335 335 332 328 324 320 316 312 306 300 296 291 286 279 276 273 277 282 287 291 297 301 305 308 310 311 310 309 307 305 303 300 298 296 293 292 289 288 286 284 283 280 278 276 274 270 268 265 263
361 360 359 359 358 358 359 360 362 360 359 359 357 354 351 349 347 342 341 338 337 335 333 332 327 325 321 316 312 306 302 297 291 285 281 278 275 279 283 288 291 296 300 303 306 309 308 309 308 306 304 302 300 297 296 294 291 289 287 285 283 281 279 276 274 272 268 265 263 260
358 357 356 356 358 358 360 362 361 359 358 357 355 354 352 349 346 343 341 338 336 335 333 332 329 325 321 317 314 308 303 298 293 288 285 280 280 282 285 289 292 297 300 303 305 307 308 307 307 305 304 302 299 298 295 293 290 288 285 284 281 280 278 275 272 271 266 264 261 259
355 353 355 355 357 360 360 359 361 358 357 355 355 353 351 348 348 345 343 338 336 337 334 332 331 328 324 319 315 310 304 300 294 291 288 286 285 286 289 292 294 297 300 302 305 306 306 307 305 304 302 301 298 296 294 291 289 287 285 283 280 279 276 273 271 268 265 262 260 257
351 352 355 357 359 359 358 359 358 358 357 355 354 352 352 350 349 347 343 340 338 337 335 332 330 329 326 321 316 312 305 302 299 295 292 290 289 290 292 294 296 299 302 304 305 306 305 306 305 304 303 300 298 295 293 290 290 286 284 281 280 277 275 271 270 266 264 260 257 255
353 354 355 357 356 358 358 358 358 357 357 355 354 353 353 352 349 348 346 343 341 337 336 334 332 329 325 322 317 312 309 305 301 299 296 294 294 294 296 297 299 301 303 304 306 306 305 305 304 302 302 300 297 295 293 290 288 286 283 280 278 275 273 269 267 264 262 258 255 252
355 355 356 355 356 356 357 357 357 357 356 354 355 356 353 352 351 349 346 344 343 339 337 335 332 330 326 322 319 314 310 307 305 302 300 298 298 298 299 300 301 304 305 306 306 306 306 305 304 302 301 299 297 294 292 289 287 284 283 280 277 274 271 269 266 263 260 256 253 250
355 354 355 355 357 356 356 357 357 355 355 355 355 354 354 352 352 351 348 346 346 342 340 335 333 330 326 324 321 316 311 309 306 305 302 302 301 301 302 303 304 306 307 307 307 307 306 305 303 302 300 298 296 294 292 289 286 284 280 278 276 273 270 266 263 262 259 254 251 248
354 356 355 356 354 354 356 356 355 353 355 353 353 353 354 353 353 353 351 348 347 344 341 337 334 331 327 324 321 317 314 311 307 306 306 304 304 304 305 306 308 309 309 310 309 308 306 305 303 302 299 298 295 293 291 288 285 283 280 278 274 273 270 266 263 260 257 253 248 245
353 355 354 354 355 355 356 355 353 353 354 355 353 355 355 356 354 353 353 351 350 346 342 339 336 331 328 325 321 319 316 313 311 309 306 307 306 307 309 308 310 312 312 312 311 308 307 306 303 302 299 296 295 292 289 288 285 283 280 278 274 271 270 264 260 257 254 251 246 243
354 353 354 354 353 355 355 353 353 353 355 356 355 355 355 355 355 354 355 355 350 346 343 339 335 332 328 326 321 320 317 314 312 310 309 309 310 310 310 312 312 315 315 313 311 310 307 305 302 300 299 296 294 292 289 287 285 283 280 277 274 271 268 263 260 257 252 248 244 241
351 350 352 353 352 353 354 352 352 352 355 354 353 354 354 354 355 355 357 356 351 346 343 339 335 332 330 325 322 320 318 315 314 312 311 310 310 312 313 313 314 317 318 315 312 310 307 305 302 299 297 295 293 292 289 287 285 283 280 276 274 271 267 263 258 255 251 248 243 238
350 350 349 350 351 350 350 352 352 354 354 353 352 353 353 353 354 355 355 355 350 346 342 338 335 332 329 327 323 320 319 317 316 314 313 312 313 312 312 314 315 317 317 314 311 309 306 303 302 299 296 294 292 289 289 286 284 282 280 276 274 271 267 263 258 255 251 246 243 237
348 348 347 348 349 350 350 349 349 350 352 352 351 350 350 352 352 354 353 352 347 344 342 337 335 332 329 326 324 322 319 317 315 315 313 312 313 313 313 314 315 315 315 313 311 308 306 302 299 297 294 293 291 289 287 286 284 282 280 277 274 271 267 263 259 255 251 246 243 237
345 344 346 347 347 348 348 349 348 348 349 349 349 350 349 349 352 352 351 349 345 343 339 337 334 331 328 326 324 322 320 318 316 315 314 313 313 313 314 314 315 314 312 311 309 306 303 301 298 296 294 291 290 288 286 285 284 282 280 277 275 271 267 263 259 255 251 246 243 237
343 344 344 346 346 345 346 347 347 346 346 346 345 346 346 346 346 346 346 345 342 341 339 336 334 330 329 326 324 321 319 317 316 315 315 314 314 314 313 313 314 314 311 308 305 302 300 298 295 293 291 289 287 286 285 283 282 282 280 278 274 272 268 263 259 255 251 247 243 238
341 342 342 343 343 343 344 344 344 344 344 345 344 343 343 343 343 343 343 340 339 338 336 333 331 329 326 324 323 321 318 318 316 315 315 313 313 312 312 311 311 311 310 308 303 300 297 295 293 290 289 288 287 284 283 283 282 282 280 278 276 272 269 265 259 256 251 248 243 239
339 340 340 341 341 341 340 341 341 342 342 342 341 341 340 340 340 340 339 338 337 335 333 330 330 328 325 323 321 320 318 317 316 315 313 313 312 311 310 310 309 309 306 305 302 299 296 293 290 289 287 285 284 284 283 283 282 282 280 279 277 273 270 266 259 257 252 248 243 239
337 338 337 338 338 338 339 339 338 339 339 339 339 338 340 337 337 337 336 335 334 332 330 329 327 325 323 322 320 319 317 316 315 313 313 311 311 309 309 307 305 305 303 302 300 297 294 291 289 286 284 283 283 282 282 281 282 280 279 277 276 273 270 266 261 256 253 248 245 240
334 336 335 336 336 336 336 336 336 336 337 336 337 337 337 335 334 334 334 333 331 329 329 326 324 322 321 320 319 318 316 315 314 313 311 310 309 307 306 304 302 301 299 299 295 294 291 288 285 284 282 282 281 282 281 281 280 279 279 277 276 273 270 266 261 256 252 248 245 239
333 333 333 333 333 333 333 333 332 334 334 334 334 334 333 332 332 331 331 330 328 327 326 323 322 320 319 318 317 316 314 313 312 311 309 308 306 305 303 301 299 297 295 293 292 289 287 285 284 281 280 280 280 280 281 280 279 279 278 277 274 272 269 266 261 257 252 249 243 238
