layers/bio17.asc
NCOLS 292 
NROWS 290 
XLLCORNER -87.625 
YLLCORNER 24.5 
CELLSIZE 0.0416666666666667 
NODATA_value -1.7e+308 
[rows 62 to 92 of 290, columns 140 to 209 of 292]
244 244 244 244 242 241 241 240 240 240 239 238 234 231 230 227 224 222 222 222 223 224 224 223 223 220 215 213 210 210 212 211 211 213 214 215 216 216 217 217 217 217 219 218 218 217 217 218 218 219 221 223 224 226 228 229 230 231 232 232 232 232 231 231 231 229 229 228 228 227
244 244 244 243 243 243 243 243 241 241 238 236 232 230 227 224 221 220 218 219 219 220 220 220 219 220 218 212 210 209 212 210 210 212 215 215 215 216 216 217 218 217 218 218 219 219 220 220 221 221 223 224 226 227 229 229 231 231 231 232 232 232 232 232 231 231 230 229 229 229
244 244 245 244 245 245 244 242 241 241 238 236 234 231 227 225 224 222 218 219 218 217 218 217 216 215 216 214 210 209 211 210 210 212 213 214 216 216 216 217 217 217 219 219 219 220 221 222 223 225 225 226 227 228 229 230 231 232 233 234 234 233 233 233 232 231 231 230 230 231
246 247 245 245 245 242 241 239 239 239 236 237 234 232 232 229 227 224 220 218 217 217 216 215 215 214 213 212 209 209 211 209 210 213 213 214 214 215 217 217 217 219 219 219 221 221 223 223 224 227 227 229 228 230 230 232 233 234 234 235 235 235 235 234 233 232 232 231 231 231
243 244 242 244 242 241 237 235 236 238 236 236 236 234 234 230 230 226 223 219 218 216 216 214 214 212 211 210 209 209 211 210 211 211 213 213 214 215 215 216 217 219 220 221 221 222 225 225 226 228 228 229 230 231 233 233 234 235 236 236 236 236 236 236 235 234 233 232 232 232
241 242 240 241 238 239 238 237 234 236 235 236 235 233 232 230 229 228 222 223 220 218 217 217 213 213 211 209 208 210 212 211 211 212 213 213 214 215 216 217 217 220 221 221 223 224 225 227 228 229 230 231 232 232 234 236 236 237 238 238 238 239 238 238 238 235 234 234 233 233
240 242 240 237 235 237 237 237 234 232 232 232 232 232 231 229 226 227 226 223 222 221 220 219 216 216 213 212 209 208 211 211 211 211 214 213 214 215 216 217 218 219 221 223 223 225 227 228 230 230 232 232 234 235 236 237 237 239 239 240 241 241 241 240 239 238 236 235 233 234
239 239 239 235 234 235 236 236 236 235 233 230 229 229 229 228 227 224 224 225 223 221 221 219 218 215 215 213 210 207 209 210 211 212 212 213 215 215 216 217 218 220 222 223 225 226 228 230 231 232 233 234 234 236 236 238 239 240 241 243 243 244 244 243 242 241 238 237 236 236
239 237 237 238 235 233 235 233 233 233 233 232 231 228 226 226 225 223 224 225 222 221 220 219 218 216 213 213 212 209 208 208 210 212 213 214 215 215 217 218 221 222 222 224 226 226 229 231 232 234 233 235 236 237 238 239 240 241 243 244 245 245 245 246 245 243 242 241 238 -1.7e+308
235 237 235 234 235 233 230 232 233 231 229 230 229 228 227 224 223 223 223 223 222 220 220 220 218 216 214 213 211 210 208 208 210 212 213 214 216 216 217 219 221 222 223 225 226 228 230 231 233 234 235 236 237 239 239 241 241 244 245 246 247 248 248 248 248 248 246 243 -1.7e+308 -1.7e+308
233 236 236 234 232 231 229 229 229 229 229 227 226 226 225 225 224 221 222 221 221 220 219 220 216 215 214 213 213 213 211 210 211 212 212 215 215 216 217 220 221 221 223 225 227 228 229 232 232 233 235 237 238 239 241 242 244 245 246 248 250 250 252 252 251 250 249 -1.7e+308 -1.7e+308 -1.7e+308
234 235 233 233 233 231 230 229 226 225 226 225 225 224 224 225 224 224 223 222 221 219 221 219 217 215 215 213 214 214 213 213 213 214 214 215 216 216 219 220 221 222 224 226 228 229 231 232 233 234 236 237 237 240 242 243 244 246 248 249 251 253 253 255 255 253 -1.7e+308 -1.7e+308 -1.7e+308 -1.7e+308
231 231 233 230 229 229 229 229 226 225 225 222 222 223 223 223 222 222 223 222 222 220 219 218 217 216 216 215 215 215 214 214 214 216 216 217 218 218 219 220 221 222 224 225 227 229 231 232 234 236 237 237 239 240 241 244 245 248 249 252 252 255 255 257 257 -1.7e+308 -1.7e+308 -1.7e+308 -1.7e+308 -1.7e+308
228 228 230 227 226 229 229 228 226 225 225 224 222 222 222 222 222 222 222 223 222 219 219 219 218 217 218 216 217 217 216 216 217 218 217 218 219 219 220 222 222 224 225 226 228 229 231 234 234 235 237 238 239 241 243 245 247 249 250 253 255 256 257 258 -1.7e+308 -1.7e+308 -1.7e+308 -1.7e+308 -1.7e+308 -1.7e+308
227 228 228 226 226 226 226 226 225 225 225 224 222 222 221 220 220 221 222 221 220 219 218 219 218 218 217 217 217 217 218 218 219 220 221 221 221 221 222 223 223 225 226 227 229 231 231 232 234 236 237 239 241 243 244 247 248 250 252 254 255 258 260 259 -1.7e+308 -1.7e+308 -1.7e+308 -1.7e+308 -1.7e+308 -1.7e+308
227 228 228 224 226 224 226 225 223 224 225 222 222 222 223 222 222 220 220 220 220 219 219 218 219 219 218 218 218 219 218 219 222 223 223 222 222 223 224 224 224 226 226 227 229 230 232 233 234 235 238 239 241 244 244 248 249 251 253 255 256 259 260 -1.7e+308 -1.7e+308 -1.7e+308 -1.7e+308 -1.7e+308 -1.7e+308 -1.7e+308
223 225 223 223 223 224 224 223 222 222 222 222 222 221 221 222 222 222 222 220 219 218 218 218 219 218 218 219 219 219 221 222 223 223 223 223 224 224 225 224 225 226 227 228 230 230 232 233 234 235 237 239 241 244 245 247 249 251 254 257 258 259 260 -1.7e+308 -1.7e+308 -1.7e+308 -1.7e+308 -1.7e+308 -1.7e+308 -1.7e+308
221 222 223 223 226 223 221 221 221 221 221 221 221 221 221 221 220 220 220 220 219 218 218 218 218 219 220 220 220 221 221 222 223 223 224 225 225 225 224 225 226 227 228 228 229 230 231 233 235 237 239 239 241 243 246 247 251 252 255 257 258 258 261 -1.7e+308 -1.7e+308 -1.7e+308 -1.7e+308 -1.7e+308 -1.7e+308 -1.7e+308
219 221 223 223 223 222 221 221 221 220 220 220 220 220 220 220 220 220 220 219 219 218 218 217 219 219 220 220 221 221 222 223 223 225 225 226 225 227 226 226 227 226 227 228 229 230 232 233 235 237 239 241 242 244 247 249 250 253 255 256 258 260 261 -1.7e+308 -1.7e+308 -1.7e+308 -1.7e+308 -1.7e+308 -1.7e+308 -1.7e+308
219 220 220 222 222 222 221 219 220 220 220 218 220 218 220 220 220 220 219 218 219 218 219 218 219 219 221 221 222 222 223 225 226 225 227 226 226 226 226 225 226 227 227 227 228 230 231 233 234 236 238 240 243 245 246 249 250 252 254 256 257 259 -1.7e+308 -1.7e+308 -1.7e+308 -1.7e+308 -1.7e+308 -1.7e+308 -1.7e+308 -1.7e+308
222 220 218 219 219 222 222 219 220 220 220 220 220 217 217 217 217 217 218 218 218 218 220 219 220 220 221 221 223 224 224 225 227 226 227 226 227 226 225 226 227 226 226 227 229 230 231 233 234 236 238 240 242 244 247 249 252 252 254 255 258 -1.7e+308 -1.7e+308 -1.7e+308 -1.7e+308 -1.7e+308 -1.7e+308 -1.7e+308 -1.7e+308 -1.7e+308
220 220 219 217 217 218 218 219 217 217 219 219 218 217 217 217 217 217 218 218 217 219 220 219 220 220 221 223 224 224 224 226 227 226 227 227 226 225 226 225 227 226 225 227 227 229 230 232 233 235 239 240 242 244 247 249 250 252 253 256 -1.7e+308 -1.7e+308 -1.7e+308 -1.7e+308 -1.7e+308 -1.7e+308 -1.7e+308 -1.7e+308 -1.7e+308 -1.7e+308
223 222 220 219 217 216 216 216 216 216 218 218 216 216 216 216 216 217 216 217 217 218 220 220 220 221 223 223 224 225 224 226 227 226 228 227 227 226 226 226 226 225 224 226 226 228 230 232 234 236 238 239 242 244 246 248 250 251 253 -1.7e+308 -1.7e+308 -1.7e+308 -1.7e+308 -1.7e+308 -1.7e+308 -1.7e+308 -1.7e+308 -1.7e+308 -1.7e+308 -1.7e+308
221 220 220 220 219 216 216 216 219 219 217 216 216 215 215 215 214 214 216 217 217 217 218 220 222 222 224 224 225 226 226 226 226 227 228 226 226 226 226 225 223 224 224 225 225 227 229 231 233 236 238 239 241 243 -1.7e+308 247 249 251 252 -1.7e+308 -1.7e+308 -1.7e+308 -1.7e+308 -1.7e+308 -1.7e+308 -1.7e+308 -1.7e+308 -1.7e+308 -1.7e+308 -1.7e+308
220 220 218 219 218 216 215 215 215 216 216 215 214 214 213 213 214 214 215 216 217 216 218 221 222 223 224 224 226 226 226 226 226 227 227 226 225 225 225 224 223 223 223 224 224 226 229 232 233 235 238 240 241 -1.7e+308 -1.7e+308 -1.7e+308 -1.7e+308 -1.7e+308 -1.7e+308 -1.7e+308 -1.7e+308 -1.7e+308 -1.7e+308 -1.7e+308 -1.7e+308 -1.7e+308 -1.7e+308 -1.7e+308 -1.7e+308 -1.7e+308
220 220 219 216 217 215 213 213 214 215 215 212 212 213 213 212 212 213 213 215 216 217 218 221 222 223 225 226 226 225 225 225 226 226 226 226 224 225 224 223 222 222 222 222 223 224 228 229 231 234 237 240 240 -1.7e+308 -1.7e+308 -1.7e+308 -1.7e+308 -1.7e+308 -1.7e+308 -1.7e+308 -1.7e+308 -1.7e+308 -1.7e+308 -1.7e+308 -1.7e+308 -1.7e+308 -1.7e+308 -1.7e+308 -1.7e+308 -1.7e+308
219 219 217 215 215 214 213 213 212 214 213 212 212 211 211 212 212 213 214 214 215 217 219 220 222 223 225 225 225 225 224 224 226 225 225 224 224 223 223 221 221 221 221 221 221 223 226 229 232 235 236 238 -1.7e+308 -1.7e+308 -1.7e+308 -1.7e+308 -1.7e+308 -1.7e+308 -1.7e+308 -1.7e+308 -1.7e+308 -1.7e+308 -1.7e+308 -1.7e+308 -1.7e+308 -1.7e+308 -1.7e+308 -1.7e+308 -1.7e+308 -1.7e+308
220 219 216 216 214 214 212 212 211 211 213 212 212 211 211 209 210 213 213 214 215 216 218 221 222 224 224 224 224 224 224 224 224 225 224 224 223 223 221 221 220 220 219 218 219 223 226 231 231 235 -1.7e+308 -1.7e+308 -1.7e+308 -1.7e+308 -1.7e+308 -1.7e+308 -1.7e+308 -1.7e+308 -1.7e+308 -1.7e+308 -1.7e+308 -1.7e+308 -1.7e+308 -1.7e+308 -1.7e+308 -1.7e+308 -1.7e+308 -1.7e+308 -1.7e+308 -1.7e+308
221 219 216 215 215 214 212 212 210 211 211 211 212 211 211 210 210 211 212 214 214 216 218 220 221 221 223 223 222 223 223 224 223 223 223 224 223 223 221 220 220 219 218 217 217 223 228 231 233 235 -1.7e+308 -1.7e+308 -1.7e+308 -1.7e+308 -1.7e+308 -1.7e+308 -1.7e+308 -1.7e+308 -1.7e+308 -1.7e+308 -1.7e+308 -1.7e+308 -1.7e+308 -1.7e+308 -1.7e+308 -1.7e+308 -1.7e+308 -1.7e+308 -1.7e+308 -1.7e+308
221 219 218 216 214 214 211 211 210 210 210 211 210 211 211 211 210 211 212 214 215 215 216 218 219 219 220 221 221 221 222 222 222 223 223 222 223 222 222 220 220 219 218 217 219 223 229 231 -1.7e+308 -1.7e+308 -1.7e+308 -1.7e+308 -1.7e+308 -1.7e+308 -1.7e+308 -1.7e+308 -1.7e+308 -1.7e+308 -1.7e+308 -1.7e+308 -1.7e+308 -1.7e+308 -1.7e+308 -1.7e+308 -1.7e+308 -1.7e+308 -1.7e+308 -1.7e+308 -1.7e+308 -1.7e+308
218 218 217 217 214 214 212 211 209 210 210 209 210 211 209 210 210 211 212 213 215 216 215 217 217 218 219 220 220 221 221 221 221 222 222 222 221 221 221 220 220 219 220 220 222 225 -1.7e+308 -1.7e+308 -1.7e+308 -1.7e+308 -1.7e+308 -1.7e+308 -1.7e+308 -1.7e+308 -1.7e+308 -1.7e+308 -1.7e+308 -1.7e+308 -1.7e+308 -1.7e+308 -1.7e+308 -1.7e+308 -1.7e+308 -1.7e+308 -1.7e+308 -1.7e+308 -1.7e+308 -1.7e+308 -1.7e+308 -1.7e+308
