layers/bio12.asc
NCOLS 292 
NROWS 290 
XLLCORNER -87.625 
YLLCORNER 24.5 
CELLSIZE 0.0416666666666667 
NODATA_value -1.7e+308 
[rows 30 to 59 of 290, columns 136 to 203 of 292]
1347 1335 1321 1308 1312 1304 1287 1286 1272 1259 1258 1247 1231 1233 1236 1220 1209 1199 1187 1181 1175 1167 1156 1151 1149 1153 1152 1150 1140 1135 1136 1134 1136 1142 1146 1148 1157 1167 1170 1163 1169 1172 1179 1180 1172 1175 1192 1191 1183 1184 1180 1187 1193 1197 1197 1194 1192 1185 1182 1187 1187 1189 1183 1181 1179 1180 1180 1182
1342 1332 1321 1310 1304 1300 1288 1280 1271 1261 1257 1248 1232 1236 1247 1227 1214 1204 1193 1188 1178 1167 1157 1155 1154 1153 1147 1145 1145 1144 1140 1138 1140 1148 1146 1147 1165 1168 1170 1163 1166 1173 1181 1179 1171 1182 1181 1184 1182 1182 1187 1190 1200 1200 1194 1198 1195 1192 1189 1187 1185 1182 1180 1181 1176 1177 1178 1182
1331 1317 1315 1306 1297 1296 1287 1278 1267 1263 1264 1243 1241 1243 1242 1232 1219 1200 1201 1190 1182 1165 1162 1156 1155 1154 1144 1143 1143 1143 1139 1145 1147 1146 1145 1148 1163 1165 1166 1167 1165 1178 1180 1178 1174 1176 1179 1185 1177 1178 1179 1186 1194 1197 1195 1195 1195 1198 1193 1187 1187 1188 1181 1182 1178 1175 1173 1178
1341 1320 1313 1312 1307 1301 1291 1280 1271 1266 1255 1247 1252 1247 1244 1242 1219 1205 1201 1197 1182 1170 1164 1163 1155 1151 1148 1144 1146 1138 1142 1151 1148 1145 1145 1152 1158 1161 1162 1165 1169 1171 1175 1175 1173 1174 1182 1177 1171 1171 1174 1187 1190 1197 1196 1192 1191 1194 1194 1196 1194 1199 1192 1184 1181 1181 1176 1178
1335 1327 1321 1320 1313 1308 1295 1286 1270 1265 1257 1258 1245 1245 1237 1232 1222 1212 1202 1192 1186 1174 1171 1164 1157 1154 1153 1149 1142 1141 1151 1149 1148 1148 1156 1158 1160 1166 1168 1171 1170 1170 1168 1176 1172 1177 1177 1174 1171 1171 1184 1190 1193 1198 1197 1196 1190 1193 1194 1192 1189 1198 1189 1189 1190 1191 1188 1184
1324 1310 1314 1314 1308 1291 1289 1279 1268 1258 1260 1256 1242 1237 1233 1232 1224 1216 1210 1198 1188 1179 1177 1168 1165 1157 1152 1148 1149 1154 1158 1154 1152 1157 1163 1165 1168 1169 1168 1170 1174 1179 1175 1180 1176 1170 1170 1169 1172 1177 1190 1187 1195 1197 1197 1193 1189 1190 1188 1192 1191 1197 1194 1186 1187 1191 1191 1186
1322 1303 1300 1306 1301 1284 1278 1280 1274 1258 1249 1240 1236 1234 1232 1225 1228 1216 1208 1201 1197 1186 1188 1182 1170 1161 1156 1159 1161 1162 1161 1159 1163 1164 1165 1164 1166 1171 1176 1180 1180 1181 1177 1173 1168 1170 1173 1178 1177 1177 1187 1196 1200 1197 1190 1196 1195 1190 1186 1186 1191 1190 1198 1190 1186 1187 1192 1186
1301 1298 1284 1289 1283 1267 1265 1276 1265 1259 1246 1234 1237 1233 1223 1225 1227 1221 1218 1208 1199 1192 1188 1184 1179 1169 1169 1163 1170 1166 1163 1166 1171 1169 1169 1170 1173 1178 1180 1183 1180 1179 1176 1171 1175 1178 1183 1186 1188 1177 1188 1186 1193 1192 1191 1190 1192 1197 1193 1189 1187 1190 1191 1196 1187 1184 1188 1185
1281 1280 1276 1269 1273 1265 1256 1259 1252 1247 1239 1229 1234 1224 1219 1226 1222 1221 1212 1212 1205 1202 1190 1184 1182 1171 1174 1173 1167 1165 1164 1170 1175 1174 1175 1175 1182 1183 1182 1177 1178 1171 1175 1176 1181 1189 1189 1198 1195 1181 1184 1192 1189 1188 1190 1192 1199 1200 1199 1198 1192 1187 1190 1193 1189 1185 1186 1184
1264 1265 1266 1263 1257 1257 1256 1248 1243 1236 1228 1225 1226 1218 1225 1219 1217 1223 1211 1207 1204 1199 1200 1190 1185 1179 1174 1170 1170 1174 1175 1175 1176 1177 1177 1183 1186 1181 1180 1178 1168 1175 1180 1189 1190 1194 1190 1191 1199 1187 1181 1188 1188 1194 1198 1202 1197 1193 1196 1191 1196 1190 1189 1187 1188 1186 1187 1188
1248 1252 1258 1264 1264 1254 1243 1243 1240 1240 1232 1223 1220 1225 1225 1215 1212 1217 1217 1209 1200 1198 1198 1197 1193 1182 1176 1175 1185 1181 1179 1181 1186 1185 1188 1187 1186 1181 1178 1179 1172 1180 1185 1193 1193 1192 1186 1183 1187 1184 1178 1191 1194 1198 1200 1203 1198 1190 1191 1190 1190 1188 1187 1189 1188 1186 1186 1187
1252 1256 1249 1248 1246 1250 1248 1240 1242 1238 1230 1221 1220 1223 1215 1210 1219 1220 1215 1206 1200 1196 1200 1200 1196 1184 1178 1181 1179 1181 1181 1183 1187 1186 1189 1185 1183 1185 1180 1174 1178 1175 1182 1190 1188 1188 1189 1188 1182 1180 1188 1187 1193 1194 1199 1195 1193 1190 1186 1188 1190 1188 1188 1190 1186 1187 1188 1189
1247 1247 1253 1245 1239 1237 1248 1252 1248 1242 1231 1218 1219 1212 1209 1218 1222 1224 1215 1204 1200 1200 1196 1198 1193 1185 1181 1180 1180 1177 1185 1189 1182 1178 1182 1186 1185 1184 1180 1177 1177 1180 1174 1177 1186 1188 1185 1185 1176 1186 1191 1187 1190 1194 1191 1189 1184 1183 1185 1187 1188 1188 1185 1188 1187 1188 1188 1188
1238 1248 1241 1247 1248 1236 1241 1248 1238 1231 1226 1216 1208 1209 1215 1223 1224 1217 1218 1211 1206 1200 1192 1191 1187 1186 1186 1178 1177 1180 1185 1189 1186 1179 1175 1176 1186 1193 1190 1184 1178 1180 1178 1176 1175 1180 1183 1182 1175 1184 1185 1183 1185 1186 1183 1185 1179 1177 1180 1187 1188 1188 1186 1188 1187 1190 1188 1190
1236 1229 1230 1242 1239 1235 1236 1242 1236 1225 1214 1204 1216 1218 1223 1217 1212 1208 1213 1203 1203 1200 1194 1185 1184 1185 1180 1175 1175 1178 1183 1186 1188 1182 1173 1178 1193 1190 1186 1186 1183 1184 1182 1178 1178 1172 1175 1181 1178 1175 1178 1178 1180 1181 1179 1177 1175 1173 1175 1185 1186 1186 1188 1188 1188 1189 1191 1193
1236 1237 1231 1230 1233 1237 1230 1237 1237 1229 1217 1210 1211 1213 1214 1205 1200 1205 1212 1206 1198 1190 1196 1187 1181 1184 1179 1179 1180 1179 1184 1188 1182 1176 1183 1176 1182 1181 1178 1180 1181 1179 1180 1176 1176 1174 1167 1173 1178 1177 1171 1169 1176 1177 1174 1174 1168 1168 1172 1179 1181 1186 1187 1188 1185 1189 1190 1193
1225 1230 1239 1241 1241 1233 1229 1228 1227 1220 1221 1212 1205 1204 1200 1198 1203 1207 1214 1207 1202 1190 1183 1182 1177 1176 1180 1178 1184 1187 1188 1183 1182 1182 1175 1175 1166 1170 1177 1177 1183 1182 1175 1175 1169 1170 1173 1175 1175 1170 1169 1167 1169 1171 1170 1171 1170 1168 1170 1176 1179 1182 1181 1186 1186 1187 1191 1195
1223 1222 1223 1227 1235 1242 1235 1224 1219 1219 1222 1215 1201 1200 1201 1202 1206 1208 1211 1200 1194 1188 1184 1175 1173 1173 1173 1174 1181 1188 1192 1185 1171 1178 1178 1176 1175 1162 1167 1171 1176 1184 1178 1177 1173 1176 1176 1173 1172 1177 1167 1165 1167 1166 1169 1168 1169 1170 1174 1173 1175 1181 1182 1184 1187 1189 1193 1196
1228 1224 1225 1226 1221 1222 1225 1228 1223 1218 1223 1211 1207 1208 1204 1211 1211 1208 1201 1203 1194 1187 1184 1180 1172 1167 1163 1166 1168 1177 1180 1180 1176 1169 1173 1171 1166 1163 1160 1168 1180 1175 1174 1181 1176 1173 1176 1180 1179 1174 1165 1163 1163 1166 1166 1166 1168 1170 1173 1177 1177 1179 1181 1185 1188 1191 1197 1197
1228 1223 1218 1219 1222 1223 1221 1221 1222 1222 1215 1212 1202 1204 1204 1207 1202 1198 1200 1194 1187 1180 1174 1175 1174 1159 1162 1161 1168 1164 1159 1171 1164 1161 1158 1164 1164 1160 1156 1165 1177 1179 1169 1179 1182 1182 1172 1171 1171 1170 1164 1162 1160 1160 1164 1164 1165 1169 1173 1175 1175 1176 1180 1184 1187 1192 1197 1200
1226 1227 1226 1224 1224 1218 1220 1220 1217 1213 1215 1206 1200 1200 1196 1197 1193 1186 1188 1189 1185 1173 1169 1160 1156 1146 1160 1156 1148 1144 1161 1158 1161 1160 1154 1155 1161 1161 1156 1161 1179 1181 1169 1171 1182 1181 1175 1171 1168 1169 1165 1163 1160 1159 1164 1164 1168 1169 1172 1173 1176 1178 1181 1184 1191 1195 1199 1203
1216 1224 1227 1224 1224 1222 1220 1216 1215 1207 1202 1204 1197 1193 1197 1199 1189 1184 1190 1187 1179 1172 1164 1162 1159 1147 1139 1144 1136 1144 1148 1141 1150 1154 1157 1152 1152 1164 1157 1156 1172 1172 1172 1168 1179 1171 1167 1167 1168 1167 1168 1161 1159 1160 1159 1162 1168 1170 1171 1176 1179 1178 1182 1186 1194 1198 1203 1207
1207 1216 1221 1219 1218 1215 1212 1209 1208 1202 1202 1200 1199 1189 1193 1194 1186 1182 1184 1180 1179 1174 1163 1167 1158 1144 1142 1131 1126 1130 1139 1129 1140 1147 1152 1150 1150 1150 1152 1151 1161 1169 1163 1163 1169 1166 1164 1166 1164 1165 1167 1164 1158 1158 1157 1161 1167 1169 1174 1177 1178 1181 1185 1192 1197 1203 1207 1212
1208 1203 1213 1217 1214 1218 1218 1211 1212 1212 1208 1200 1191 1187 1187 1190 1182 1180 1182 1184 1185 1181 1169 1164 1158 1166 1164 1144 1133 1120 1117 1132 1134 1139 1141 1141 1154 1155 1152 1154 1151 1163 1169 1163 1161 1165 1167 1166 1165 1166 1167 1165 1164 1158 1158 1160 1164 1171 1178 1180 1183 1186 1191 1196 1203 1207 1213 1217
1206 1202 1205 1207 1213 1211 1209 1214 1216 1211 1207 1200 1192 1185 1180 1187 1183 1178 1179 1182 1186 1185 1183 1181 1177 1171 1154 1144 1133 1126 1113 1126 1130 1137 1137 1141 1149 1154 1155 1157 1151 1154 1158 1160 1163 1163 1164 1164 1165 1164 1163 1162 1161 1158 1156 1160 1165 1171 1178 1183 1188 1194 1200 1206 1210 1213 1217 1222
1206 1205 1198 1200 1211 1213 1205 1208 1213 1208 1198 1192 1186 1182 1177 1182 1182 1173 1178 1183 1178 1180 1173 1177 1178 1166 1156 1153 1145 1136 1125 1128 1128 1135 1134 1142 1146 1147 1154 1160 1158 1153 1158 1160 1161 1162 1165 1166 1163 1165 1162 1160 1160 1159 1155 1159 1167 1175 1183 1190 1198 1205 1207 1213 1216 1220 1225 1227
1200 1204 1203 1194 1201 1206 1207 1205 1209 1212 1204 1204 1197 1192 1189 1182 1175 1175 1172 1177 1171 1174 1179 1185 1175 1165 1156 1148 1139 1136 1131 1125 1125 1130 1142 1146 1152 1149 1151 1160 1157 1155 1158 1159 1159 1161 1163 1163 1163 1162 1160 1158 1157 1157 1156 1160 1168 1180 1191 1198 1205 1213 1217 1221 1223 1228 1231 1234
1193 1199 1198 1196 1198 1200 1201 1204 1202 1213 1215 1207 1209 1204 1196 1186 1181 1177 1170 1176 1175 1187 1190 1183 1181 1169 1160 1157 1154 1146 1135 1125 1128 1132 1139 1143 1152 1152 1152 1152 1155 1153 1156 1158 1161 1159 1163 1163 1163 1162 1160 1156 1157 1156 1159 1164 1173 1185 1195 1205 1212 1220 1224 1228 1229 1234 1237 1240
1198 1194 1201 1205 1204 1210 1207 1202 1204 1207 1206 1201 1196 1197 1195 1195 1193 1188 1183 1172 1177 1190 1182 1180 1179 1180 1173 1161 1151 1147 1134 1132 1130 1135 1143 1147 1154 1156 1153 1153 1156 1157 1157 1158 1160 1164 1165 1164 1162 1162 1160 1159 1157 1159 1162 1172 1180 1190 1201 1209 1217 1226 1231 1235 1237 1240 1243 1246
1203 1196 1207 1211 1206 1206 1209 1205 1201 1198 1200 1197 1195 1195 1192 1198 1190 1196 1188 1181 1175 1184 1178 1181 1178 1181 1182 1169 1160 1148 1144 1137 1132 1135 1142 1145 1157 1159 1153 1154 1156 1156 1162 1164 1162 1167 1167 1166 1164 1162 1162 1162 1162 1165 1169 1178 1187 1195 1205 1214 1222 1230 1234 1240 1243 1247 1250 1254
