layers/bio18.asc
NCOLS 292 
NROWS 290 
XLLCORNER -87.625 
YLLCORNER 24.5 
CELLSIZE 0.0416666666666667 
NODATA_value -1.7e+308 
[rows 31 to 61 of 290, columns 140 to 209 of 292]
345 344 342 341 339 336 336 335 331 331 334 329 326 323 320 319 317 314 312 312 313 314 312 312 312 313 312 313 316 318 320 323 328 331 334 334 337 339 343 343 342 347 347 350 350 352 353 355 358 360 360 363 363 365 365 366 366 368 369 371 372 375 376 379 382 384 385 385 385 385
342 343 341 339 337 336 338 332 332 333 333 330 327 322 322 320 318 315 315 315 315 315 313 312 312 313 312 316 317 320 322 324 329 331 334 336 336 342 343 344 344 346 348 351 350 353 353 356 359 362 363 364 364 367 367 368 369 372 371 374 375 377 379 382 386 388 389 390 389 389
344 343 341 339 337 337 335 333 335 334 333 333 328 324 324 323 320 318 317 317 317 316 315 314 314 312 315 318 319 320 323 327 330 332 334 336 339 341 344 344 345 347 351 350 351 351 354 358 360 363 364 364 366 368 369 372 373 376 376 378 379 381 382 385 387 390 392 394 395 395
345 344 342 340 336 336 335 337 334 334 332 332 329 327 325 322 322 320 320 318 318 317 317 316 315 315 318 319 321 322 326 329 331 334 337 339 341 343 343 346 347 350 351 351 352 355 358 361 364 365 367 368 368 370 372 374 375 378 378 380 383 385 387 389 392 395 397 399 400 398
343 339 339 338 336 335 336 337 333 332 332 332 330 329 328 325 324 321 322 321 321 319 319 318 318 320 322 322 323 326 329 332 335 336 339 340 343 346 346 349 350 350 351 352 355 358 362 362 366 368 369 369 370 372 373 375 377 380 381 382 384 387 390 391 394 397 400 400 400 401
340 338 336 338 337 335 334 332 332 332 332 331 332 329 328 326 327 325 326 326 323 321 321 323 323 324 324 325 328 330 331 334 335 339 341 344 346 348 348 349 350 351 354 355 357 359 363 366 368 370 370 372 374 374 374 376 379 381 384 384 386 389 392 393 395 398 400 400 402 400
335 332 332 337 335 335 333 331 332 332 330 331 332 331 332 330 328 327 327 327 327 325 325 325 327 327 328 329 331 332 334 337 339 342 344 346 348 348 349 349 353 355 358 360 362 360 365 367 369 370 372 373 375 377 378 379 380 383 385 388 387 388 393 394 396 398 400 401 403 402
332 332 331 332 331 332 331 330 332 330 330 332 332 333 332 333 331 332 329 328 328 327 329 329 328 329 329 332 334 336 338 339 342 344 346 346 348 348 351 353 356 359 360 365 365 363 367 369 370 371 373 375 378 380 381 383 383 383 386 388 389 390 392 394 396 398 400 401 401 403
328 329 330 330 329 329 328 329 330 330 332 331 331 334 332 332 332 331 332 331 331 331 330 330 331 332 334 335 336 338 340 342 345 345 347 348 347 351 354 357 359 362 363 365 368 367 367 370 372 375 377 379 379 380 382 382 385 386 387 388 390 391 393 395 397 399 401 402 403 404
329 328 327 327 328 329 330 328 329 331 333 331 331 334 335 333 333 333 334 335 335 333 332 334 337 336 337 338 341 342 344 346 347 347 348 350 350 354 357 360 362 363 363 365 367 369 368 373 375 378 379 381 381 380 382 384 385 386 387 390 391 392 394 396 397 400 401 403 404 405
324 325 327 326 328 329 329 328 329 331 331 331 334 336 335 335 333 334 336 338 338 336 335 336 337 338 340 340 342 344 346 347 348 350 350 351 353 354 357 362 362 365 366 368 368 369 373 374 377 378 381 381 382 382 382 384 387 387 389 391 391 393 395 396 399 401 402 403 404 406
321 322 327 329 330 331 330 327 329 329 330 334 336 337 337 335 336 337 337 338 339 337 338 339 339 339 342 344 344 343 346 348 350 351 352 353 354 357 357 360 364 366 367 369 368 372 375 375 377 379 380 380 380 381 383 385 387 389 390 392 393 394 396 397 399 401 402 404 405 406
322 321 324 328 327 328 329 328 328 329 332 335 337 337 338 338 338 338 337 338 339 340 341 340 341 342 344 346 346 346 347 347 352 356 356 356 357 359 360 362 362 366 369 370 371 374 375 376 378 379 379 380 380 381 382 386 388 390 390 392 393 396 396 398 400 402 403 405 406 407
320 320 323 326 327 327 326 325 331 332 335 335 335 336 339 337 339 340 340 339 340 342 342 341 341 343 346 347 348 349 348 350 355 356 357 358 360 361 362 364 365 365 368 372 373 373 375 376 378 379 379 379 379 379 382 387 389 391 392 394 394 396 397 400 401 402 404 405 406 408
317 320 321 325 328 328 328 327 330 331 334 333 333 336 339 340 339 339 342 342 341 344 343 344 345 345 347 349 349 349 351 351 354 355 357 358 361 362 364 365 366 368 368 371 374 376 375 376 378 379 380 380 379 379 382 386 388 391 393 393 395 397 398 400 402 403 404 406 407 409
319 320 321 324 326 327 328 329 329 330 331 332 335 338 341 341 342 340 341 342 343 344 345 346 348 349 350 350 351 351 351 353 352 355 358 359 362 364 364 365 366 368 371 373 374 375 375 377 378 379 380 381 380 381 384 387 389 391 392 395 396 397 399 401 402 404 405 405 408 410
319 323 324 324 325 328 330 330 329 330 332 334 336 338 342 341 341 342 343 342 344 345 346 348 350 352 352 351 349 352 353 354 356 354 357 360 363 367 367 368 368 371 373 374 374 377 376 378 379 379 381 381 382 384 386 387 389 392 393 395 396 399 400 403 403 404 405 406 408 410
316 319 323 326 327 328 331 330 331 332 334 337 339 339 340 343 342 343 344 345 345 346 346 347 348 351 352 353 352 351 354 355 355 357 357 361 365 366 367 370 371 372 374 377 378 379 377 378 380 380 382 382 384 386 387 389 390 393 393 396 398 399 402 403 404 405 407 406 409 411
317 320 323 325 327 330 330 332 331 333 334 337 338 339 340 341 342 343 343 346 347 346 348 348 350 349 348 352 351 351 353 356 357 357 358 362 366 368 368 373 373 376 375 376 378 379 379 379 380 380 383 383 385 386 388 390 391 393 395 397 398 400 403 404 406 407 408 409 410 412
320 321 324 327 327 329 332 331 331 333 334 335 337 337 338 341 342 341 343 343 344 344 348 348 348 346 351 351 352 353 353 355 358 359 360 362 368 371 370 372 376 376 377 378 378 380 380 381 381 382 384 385 387 389 390 391 394 394 396 397 400 402 404 406 407 409 410 410 412 413
321 324 325 326 329 329 329 331 331 333 335 338 337 337 341 342 342 343 343 345 346 346 345 348 346 349 350 349 353 354 357 357 358 362 363 364 369 370 371 373 376 376 377 378 380 380 382 382 383 383 384 386 389 390 391 393 395 395 397 399 403 403 406 407 410 410 412 412 413 415
321 323 325 326 328 328 331 332 333 332 335 337 337 338 341 342 343 344 345 347 348 346 347 346 346 347 350 348 352 355 358 359 359 361 363 364 369 372 372 373 375 376 377 379 380 381 383 384 384 385 385 388 390 392 394 395 396 398 399 402 404 407 408 410 411 413 414 414 415 418
322 325 327 328 331 332 333 333 332 333 335 337 338 339 342 344 346 347 348 348 349 353 354 351 349 347 347 351 353 356 357 359 363 364 365 367 368 371 374 375 375 378 380 381 382 384 385 386 387 387 387 389 391 393 396 397 398 400 403 404 407 408 411 412 414 414 417 416 418 419
324 326 327 331 333 334 335 335 334 334 334 338 340 341 343 346 349 351 353 354 356 356 354 353 351 351 348 352 355 358 359 361 365 367 368 369 369 371 374 376 378 379 380 382 383 384 386 386 387 389 389 391 392 395 397 399 401 403 405 408 409 411 413 415 416 418 420 419 421 421
326 328 328 331 334 335 334 335 335 335 335 338 342 342 346 349 350 353 353 357 359 358 357 357 356 356 353 355 357 360 361 364 366 367 370 373 373 373 376 378 379 381 382 384 384 386 387 387 389 389 390 392 394 398 400 403 405 408 408 411 412 414 416 417 419 421 421 421 422 425
325 329 330 333 335 338 338 340 340 340 340 341 342 345 347 350 351 355 357 361 361 360 359 359 358 358 357 357 358 362 365 368 370 371 372 375 375 376 377 379 380 382 383 385 386 387 387 388 390 392 392 393 396 400 403 405 408 410 412 414 414 417 419 420 422 423 425 424 425 426
326 329 331 334 335 340 343 343 345 346 346 344 347 348 349 353 355 361 363 364 364 364 363 363 364 363 361 360 362 365 368 370 373 374 375 375 377 377 379 381 383 383 385 386 387 388 389 390 391 392 394 396 399 402 405 408 411 413 414 417 418 420 422 423 425 426 428 426 428 429
329 333 335 336 338 341 343 344 344 346 349 351 353 355 356 356 360 365 365 366 368 369 369 367 366 366 364 365 366 369 372 374 377 378 378 379 379 381 382 383 384 386 387 388 388 391 391 392 392 394 395 399 401 405 409 410 413 416 418 420 420 422 424 426 427 429 430 429 430 432
332 334 338 338 340 341 343 345 348 349 351 356 356 360 361 361 363 367 367 369 371 372 374 372 371 369 369 369 369 372 375 377 380 382 381 382 382 383 385 387 386 388 389 390 391 391 392 393 395 397 398 401 404 407 410 413 416 417 420 422 423 426 427 429 429 432 433 431 433 434
334 336 338 340 342 345 347 349 351 353 355 357 360 364 364 366 368 370 372 374 372 374 377 375 375 375 375 372 374 376 378 381 384 383 384 385 385 386 388 388 389 391 390 392 392 393 394 396 397 399 401 404 406 409 413 414 417 420 423 424 427 428 429 431 434 435 436 434 435 438
337 338 341 344 348 348 353 353 355 358 360 363 368 369 369 372 373 374 376 376 376 380 381 381 378 377 377 374 377 378 383 387 386 386 387 387 388 389 390 391 391 393 393 394 394 396 397 397 399 401 404 406 409 412 414 417 420 423 424 426 429 431 432 435 437 438 440 437 438 440
