layers/bio12.asc
NCOLS 292 
NROWS 290 
XLLCORNER -87.625 
YLLCORNER 24.5 
CELLSIZE 0.0416666666666667 
NODATA_value -1.7e+308 
[rows 240 to 269 of 290, columns 136 to 203 of 292]
1334 1349 1351 1351 1347 1340 1338 1332 1329 1324 1321 1318 1313 1310 1306 1302 1302 1299 1298 1296 1291 1285 1280 1278 1283 1288 1296 1313 1328 1344 1364 1382 1396 1408 1424 1437 1451 1462 1476 1486 1494 1505 1507 1510 1512 1506 -1.7e+308 -1.7e+308 -1.7e+308 -1.7e+308 -1.7e+308 -1.7e+308 -1.7e+308 -1.7e+308 -1.7e+308 -1.7e+308 -1.7e+308 -1.7e+308 -1.7e+308 -1.7e+308 -1.7e+308 -1.7e+308 -1.7e+308 -1.7e+308 -1.7e+308 -1.7e+308 -1.7e+308 -1.7e+308
1335 1343 1346 1345 1344 1340 1337 1334 1330 1327 1326 1323 1320 1316 1313 1310 1309 1305 1305 1304 1300 1300 1297 1298 1297 1305 1315 1326 1341 1356 1372 1388 1403 1420 1434 1445 1459 1472 1481 1491 1499 1506 1509 1513 1511 1505 -1.7e+308 -1.7e+308 -1.7e+308 -1.7e+308 -1.7e+308 -1.7e+308 -1.7e+308 -1.7e+308 -1.7e+308 -1.7e+308 -1.7e+308 -1.7e+308 -1.7e+308 -1.7e+308 -1.7e+308 -1.7e+308 -1.7e+308 -1.7e+308 -1.7e+308 -1.7e+308 -1.7e+308 -1.7e+308
1328 1335 1339 1342 1343 1339 1337 1336 1332 1331 1327 1325 1323 1321 1318 1317 1315 1313 1313 1312 1310 1310 1308 1309 1311 1319 1331 1339 1352 1366 1381 1397 1412 1426 1439 1454 1467 1478 1488 1499 1506 1510 1514 1516 1512 1506 -1.7e+308 -1.7e+308 -1.7e+308 -1.7e+308 -1.7e+308 -1.7e+308 -1.7e+308 -1.7e+308 -1.7e+308 -1.7e+308 -1.7e+308 -1.7e+308 -1.7e+308 -1.7e+308 -1.7e+308 -1.7e+308 -1.7e+308 -1.7e+308 -1.7e+308 -1.7e+308 -1.7e+308 -1.7e+308
-1.7e+308 1331 1335 1336 1337 1338 1335 1336 1332 1328 1329 1325 1327 1326 1322 1321 1320 1319 1320 1318 1319 1317 1322 1323 1324 1330 1340 1354 1363 1375 1391 1405 1421 1432 1447 1461 1474 1485 1495 1504 1512 1516 1517 1515 1513 1507 -1.7e+308 -1.7e+308 -1.7e+308 -1.7e+308 -1.7e+308 -1.7e+308 -1.7e+308 -1.7e+308 -1.7e+308 -1.7e+308 -1.7e+308 -1.7e+308 -1.7e+308 -1.7e+308 -1.7e+308 -1.7e+308 -1.7e+308 -1.7e+308 -1.7e+308 -1.7e+308 -1.7e+308 -1.7e+308
-1.7e+308 -1.7e+308 1326 1333 1334 1335 1334 1332 1333 1332 1330 1329 1328 1327 1328 1327 1326 1328 1325 1326 1326 1330 1328 1331 1335 1341 1350 1360 1373 1386 1398 1411 1428 1441 1455 1467 1479 1491 1502 1513 1518 1520 1523 1518 1515 -1.7e+308 -1.7e+308 -1.7e+308 -1.7e+308 -1.7e+308 -1.7e+308 -1.7e+308 -1.7e+308 -1.7e+308 -1.7e+308 -1.7e+308 -1.7e+308 -1.7e+308 -1.7e+308 -1.7e+308 -1.7e+308 -1.7e+308 -1.7e+308 -1.7e+308 -1.7e+308 -1.7e+308 -1.7e+308 -1.7e+308
-1.7e+308 -1.7e+308 1325 1325 1327 1330 1331 1331 1332 1330 1330 1329 1330 1331 1329 1329 1330 1330 1332 1332 1331 1335 1337 1341 1347 1352 1358 1369 1379 1391 1406 1418 1432 1445 1459 1473 1484 1499 1512 1516 1524 1524 1526 1520 1514 -1.7e+308 -1.7e+308 -1.7e+308 -1.7e+308 -1.7e+308 -1.7e+308 -1.7e+308 -1.7e+308 -1.7e+308 -1.7e+308 -1.7e+308 -1.7e+308 -1.7e+308 -1.7e+308 -1.7e+308 -1.7e+308 -1.7e+308 -1.7e+308 -1.7e+308 -1.7e+308 -1.7e+308 -1.7e+308 -1.7e+308
-1.7e+308 -1.7e+308 -1.7e+308 1322 1328 1326 1327 1331 1329 1331 1331 1331 1332 1333 1332 1333 1333 1334 1334 1336 1337 1339 1344 1347 1352 1358 1364 1376 1386 1397 1410 1425 1436 1451 1464 1479 1490 1501 1514 1523 1529 1535 1532 1524 1514 -1.7e+308 -1.7e+308 -1.7e+308 -1.7e+308 -1.7e+308 -1.7e+308 -1.7e+308 -1.7e+308 -1.7e+308 -1.7e+308 -1.7e+308 -1.7e+308 -1.7e+308 -1.7e+308 -1.7e+308 -1.7e+308 -1.7e+308 -1.7e+308 -1.7e+308 -1.7e+308 -1.7e+308 -1.7e+308 -1.7e+308
-1.7e+308 -1.7e+308 -1.7e+308 1318 1320 1323 1326 1328 1330 1331 1332 1333 1333 1332 1335 1337 1335 1337 1337 1339 1344 1347 1350 1351 1357 1361 1372 1378 1391 1402 1413 1428 1442 1452 1467 1482 1495 1507 1518 1528 1538 1541 1537 1531 1514 -1.7e+308 -1.7e+308 -1.7e+308 -1.7e+308 -1.7e+308 -1.7e+308 -1.7e+308 -1.7e+308 -1.7e+308 -1.7e+308 -1.7e+308 -1.7e+308 -1.7e+308 -1.7e+308 -1.7e+308 -1.7e+308 -1.7e+308 -1.7e+308 -1.7e+308 -1.7e+308 -1.7e+308 -1.7e+308 -1.7e+308
-1.7e+308 -1.7e+308 -1.7e+308 1312 1315 1320 1324 1324 1329 1330 1335 1332 1334 1336 1339 1337 1339 1338 1340 1342 1344 1347 1351 1357 1361 1368 1374 1382 1393 1403 1417 1432 1442 1457 1470 1485 1498 1509 1522 1534 1541 1545 1544 1535 1513 -1.7e+308 -1.7e+308 -1.7e+308 -1.7e+308 -1.7e+308 -1.7e+308 -1.7e+308 -1.7e+308 -1.7e+308 -1.7e+308 -1.7e+308 -1.7e+308 -1.7e+308 -1.7e+308 -1.7e+308 -1.7e+308 -1.7e+308 -1.7e+308 -1.7e+308 -1.7e+308 -1.7e+308 -1.7e+308 -1.7e+308
-1.7e+308 -1.7e+308 -1.7e+308 1307 1310 1314 1319 1324 1327 1328 1330 1332 1336 1337 1341 1340 1341 1341 1342 1344 1348 1348 1352 1355 1364 1370 1377 1383 1396 1406 1418 1431 1445 1457 1471 1484 1498 1509 1523 1533 1546 1552 1551 1538 1518 -1.7e+308 -1.7e+308 -1.7e+308 -1.7e+308 -1.7e+308 -1.7e+308 -1.7e+308 -1.7e+308 -1.7e+308 -1.7e+308 -1.7e+308 -1.7e+308 -1.7e+308 -1.7e+308 -1.7e+308 -1.7e+308 -1.7e+308 -1.7e+308 -1.7e+308 -1.7e+308 -1.7e+308 -1.7e+308 -1.7e+308
-1.7e+308 -1.7e+308 -1.7e+308 -1.7e+308 1306 1313 1317 1322 1326 1327 1332 1334 1337 1339 1338 1340 1342 1343 1344 1345 1347 1349 1351 1359 1363 1369 1376 1384 1396 1406 1418 1433 1444 1457 1470 1482 1498 1509 1521 1535 1544 1556 1553 1534 1514 -1.7e+308 -1.7e+308 -1.7e+308 -1.7e+308 -1.7e+308 -1.7e+308 -1.7e+308 -1.7e+308 -1.7e+308 -1.7e+308 -1.7e+308 -1.7e+308 -1.7e+308 -1.7e+308 -1.7e+308 -1.7e+308 -1.7e+308 -1.7e+308 -1.7e+308 -1.7e+308 -1.7e+308 -1.7e+308 -1.7e+308
-1.7e+308 -1.7e+308 -1.7e+308 -1.7e+308 1304 1310 1315 1318 1322 1327 1332 1336 1338 1343 1342 1341 1343 1343 1344 1343 1348 1350 1353 1355 1362 1369 1375 1384 1396 1407 1420 1431 1445 1456 1471 1480 1493 1506 1515 1527 1538 1549 1549 1521 -1.7e+308 -1.7e+308 -1.7e+308 -1.7e+308 -1.7e+308 -1.7e+308 -1.7e+308 -1.7e+308 -1.7e+308 -1.7e+308 -1.7e+308 -1.7e+308 -1.7e+308 -1.7e+308 -1.7e+308 -1.7e+308 -1.7e+308 -1.7e+308 -1.7e+308 -1.7e+308 -1.7e+308 -1.7e+308 -1.7e+308 -1.7e+308
-1.7e+308 -1.7e+308 -1.7e+308 -1.7e+308 1300 1305 1309 1315 1320 1325 1331 1334 1341 1342 1341 1344 1343 1343 1344 1344 1346 1350 1352 1354 1359 1366 1376 1383 1394 1405 1416 1430 1441 1454 1465 1477 1488 1496 1504 1512 1520 1523 1515 1494 -1.7e+308 -1.7e+308 -1.7e+308 -1.7e+308 -1.7e+308 -1.7e+308 -1.7e+308 -1.7e+308 -1.7e+308 -1.7e+308 -1.7e+308 -1.7e+308 -1.7e+308 -1.7e+308 -1.7e+308 -1.7e+308 -1.7e+308 -1.7e+308 -1.7e+308 -1.7e+308 -1.7e+308 -1.7e+308 -1.7e+308 -1.7e+308
-1.7e+308 -1.7e+308 -1.7e+308 -1.7e+308 -1.7e+308 1300 1304 1310 1316 1323 1330 1336 1339 1343 1343 1345 1343 1343 1344 1344 1344 1347 1350 1353 1356 1365 1371 1380 1390 1401 1415 1427 1440 1452 1463 1472 1478 1487 1491 1492 1492 1489 1480 1461 -1.7e+308 -1.7e+308 -1.7e+308 -1.7e+308 -1.7e+308 -1.7e+308 -1.7e+308 -1.7e+308 -1.7e+308 -1.7e+308 -1.7e+308 -1.7e+308 -1.7e+308 -1.7e+308 -1.7e+308 -1.7e+308 -1.7e+308 -1.7e+308 -1.7e+308 -1.7e+308 -1.7e+308 -1.7e+308 -1.7e+308 -1.7e+308
-1.7e+308 -1.7e+308 -1.7e+308 -1.7e+308 -1.7e+308 1297 1304 1309 1316 1319 1327 1332 1338 1343 1343 1343 1341 1341 1341 1340 1343 1344 1347 1349 1352 1360 1366 1377 1386 1397 1410 1424 1435 1448 1457 1464 1470 1475 1476 1473 1468 1457 1441 1424 -1.7e+308 -1.7e+308 -1.7e+308 -1.7e+308 -1.7e+308 -1.7e+308 -1.7e+308 -1.7e+308 -1.7e+308 -1.7e+308 -1.7e+308 -1.7e+308 -1.7e+308 -1.7e+308 -1.7e+308 -1.7e+308 -1.7e+308 -1.7e+308 -1.7e+308 -1.7e+308 -1.7e+308 -1.7e+308 -1.7e+308 -1.7e+308
-1.7e+308 -1.7e+308 -1.7e+308 -1.7e+308 -1.7e+308 1293 1299 1305 1313 1317 1325 1329 1336 1343 1342 1341 1341 1340 1339 1341 1338 1339 1342 1344 1346 1352 1359 1369 1382 1395 1407 1422 1434 1444 1453 1458 1461 1463 1461 1453 1439 1423 1406 1387 -1.7e+308 -1.7e+308 -1.7e+308 -1.7e+308 -1.7e+308 -1.7e+308 -1.7e+308 -1.7e+308 -1.7e+308 -1.7e+308 -1.7e+308 -1.7e+308 -1.7e+308 -1.7e+308 -1.7e+308 -1.7e+308 -1.7e+308 -1.7e+308 -1.7e+308 -1.7e+308 -1.7e+308 -1.7e+308 -1.7e+308 -1.7e+308
-1.7e+308 -1.7e+308 -1.7e+308 -1.7e+308 -1.7e+308 -1.7e+308 1295 1301 1309 1315 1322 1332 1335 1340 1341 1338 1340 1338 1336 1334 1336 1335 1336 1337 1341 1345 1353 1362 1376 1388 1405 1416 1431 1441 1449 1454 1455 1454 1448 1435 1415 1393 1370 1354 -1.7e+308 -1.7e+308 -1.7e+308 -1.7e+308 -1.7e+308 -1.7e+308 -1.7e+308 -1.7e+308 -1.7e+308 -1.7e+308 -1.7e+308 -1.7e+308 -1.7e+308 -1.7e+308 -1.7e+308 -1.7e+308 -1.7e+308 -1.7e+308 -1.7e+308 -1.7e+308 -1.7e+308 -1.7e+308 -1.7e+308 -1.7e+308
-1.7e+308 -1.7e+308 -1.7e+308 -1.7e+308 -1.7e+308 -1.7e+308 -1.7e+308 -1.7e+308 -1.7e+308 -1.7e+308 1316 1324 1331 1342 1340 1336 1335 1334 1330 1330 1330 1328 1332 1333 1334 1336 1344 1353 1368 1383 1403 1417 1430 1441 1449 1450 1452 1444 1435 1418 1392 1362 1332 1304 -1.7e+308 -1.7e+308 -1.7e+308 -1.7e+308 -1.7e+308 -1.7e+308 -1.7e+308 -1.7e+308 -1.7e+308 -1.7e+308 -1.7e+308 -1.7e+308 -1.7e+308 -1.7e+308 -1.7e+308 -1.7e+308 -1.7e+308 -1.7e+308 -1.7e+308 -1.7e+308 -1.7e+308 -1.7e+308 -1.7e+308 -1.7e+308
-1.7e+308 -1.7e+308 -1.7e+308 -1.7e+308 -1.7e+308 -1.7e+308 -1.7e+308 -1.7e+308 -1.7e+308 -1.7e+308 -1.7e+308 -1.7e+308 1327 1329 1332 1330 1327 1327 1327 1325 1325 1326 1325 1324 1327 1329 1333 1344 1362 1379 1400 1418 1432 1443 1450 1450 1445 1435 1422 1404 1369 1327 1298 1258 -1.7e+308 -1.7e+308 -1.7e+308 -1.7e+308 -1.7e+308 -1.7e+308 -1.7e+308 -1.7e+308 -1.7e+308 -1.7e+308 -1.7e+308 -1.7e+308 -1.7e+308 -1.7e+308 -1.7e+308 -1.7e+308 -1.7e+308 -1.7e+308 -1.7e+308 -1.7e+308 -1.7e+308 -1.7e+308 -1.7e+308 -1.7e+308
-1.7e+308 -1.7e+308 -1.7e+308 -1.7e+308 -1.7e+308 -1.7e+308 -1.7e+308 -1.7e+308 -1.7e+308 -1.7e+308 -1.7e+308 -1.7e+308 -1.7e+308 -1.7e+308 1323 1322 1321 1320 1318 1319 1320 1319 1321 1320 1320 1323 1323 1335 1356 1379 1402 1420 1436 1447 1455 1455 1444 1426 1400 1370 1329 1290 1267 1227 -1.7e+308 -1.7e+308 -1.7e+308 -1.7e+308 -1.7e+308 -1.7e+308 -1.7e+308 -1.7e+308 -1.7e+308 -1.7e+308 -1.7e+308 -1.7e+308 -1.7e+308 -1.7e+308 -1.7e+308 -1.7e+308 -1.7e+308 -1.7e+308 -1.7e+308 -1.7e+308 -1.7e+308 -1.7e+308 -1.7e+308 -1.7e+308
-1.7e+308 -1.7e+308 -1.7e+308 -1.7e+308 -1.7e+308 -1.7e+308 -1.7e+308 -1.7e+308 -1.7e+308 -1.7e+308 -1.7e+308 -1.7e+308 -1.7e+308 -1.7e+308 1312 1311 1312 1313 1313 1313 1313 1312 1315 1316 1318 1319 1322 1334 1357 1380 1405 1427 1444 1458 1465 1464 1450 1424 1388 1334 1289 -1.7e+308 1236 1223 -1.7e+308 -1.7e+308 -1.7e+308 -1.7e+308 -1.7e+308 -1.7e+308 -1.7e+308 -1.7e+308 -1.7e+308 -1.7e+308 -1.7e+308 -1.7e+308 -1.7e+308 -1.7e+308 -1.7e+308 -1.7e+308 -1.7e+308 -1.7e+308 -1.7e+308 -1.7e+308 -1.7e+308 -1.7e+308 -1.7e+308 -1.7e+308
-1.7e+308 -1.7e+308 -1.7e+308 -1.7e+308 -1.7e+308 -1.7e+308 -1.7e+308 -1.7e+308 -1.7e+308 -1.7e+308 -1.7e+308 -1.7e+308 -1.7e+308 -1.7e+308 -1.7e+308 1308 1304 1305 1306 1305 1307 1308 1312 1313 1318 1321 1327 1344 1362 1388 1411 1434 1455 1470 1478 1479 1466 1434 1392 1338 1295 -1.7e+308 -1.7e+308 -1.7e+308 -1.7e+308 -1.7e+308 -1.7e+308 -1.7e+308 -1.7e+308 -1.7e+308 -1.7e+308 -1.7e+308 -1.7e+308 -1.7e+308 -1.7e+308 -1.7e+308 -1.7e+308 -1.7e+308 -1.7e+308 -1.7e+308 -1.7e+308 -1.7e+308 -1.7e+308 -1.7e+308 -1.7e+308 -1.7e+308 -1.7e+308 -1.7e+308
-1.7e+308 -1.7e+308 -1.7e+308 -1.7e+308 -1.7e+308 -1.7e+308 -1.7e+308 -1.7e+308 -1.7e+308 -1.7e+308 -1.7e+308 -1.7e+308 -1.7e+308 -1.7e+308 -1.7e+308 -1.7e+308 1296 1295 1297 1299 1300 1304 1309 1311 1315 1325 1334 1350 1370 1394 1418 1441 1464 1483 1500 1503 1489 1458 1414 1364 -1.7e+308 -1.7e+308 -1.7e+308 -1.7e+308 -1.7e+308 -1.7e+308 -1.7e+308 -1.7e+308 -1.7e+308 -1.7e+308 -1.7e+308 -1.7e+308 -1.7e+308 -1.7e+308 -1.7e+308 -1.7e+308 -1.7e+308 -1.7e+308 -1.7e+308 -1.7e+308 -1.7e+308 -1.7e+308 -1.7e+308 -1.7e+308 -1.7e+308 -1.7e+308 -1.7e+308 -1.7e+308
-1.7e+308 -1.7e+308 -1.7e+308 -1.7e+308 -1.7e+308 -1.7e+308 -1.7e+308 -1.7e+308 -1.7e+308 -1.7e+308 -1.7e+308 -1.7e+308 -1.7e+308 -1.7e+308 -1.7e+308 -1.7e+308 -1.7e+308 1287 1290 1293 1295 1300 1303 1308 1314 1329 1341 1353 1376 1399 1425 1448 1475 1499 1515 1529 1522 1487 1439 1400 -1.7e+308 -1.7e+308 -1.7e+308 -1.7e+308 -1.7e+308 -1.7e+308 -1.7e+308 -1.7e+308 -1.7e+308 -1.7e+308 -1.7e+308 -1.7e+308 -1.7e+308 -1.7e+308 -1.7e+308 -1.7e+308 -1.7e+308 -1.7e+308 -1.7e+308 -1.7e+308 -1.7e+308 -1.7e+308 -1.7e+308 -1.7e+308 -1.7e+308 -1.7e+308 -1.7e+308 -1.7e+308
-1.7e+308 -1.7e+308 -1.7e+308 -1.7e+308 -1.7e+308 -1.7e+308 -1.7e+308 -1.7e+308 -1.7e+308 -1.7e+308 -1.7e+308 -1.7e+308 -1.7e+308 -1.7e+308 -1.7e+308 -1.7e+308 -1.7e+308 -1.7e+308 1283 1286 1290 1295 1300 1306 1312 1328 1342 1359 1379 1402 1428 1455 1480 1509 1530 1544 1538 1509 1465 1424 -1.7e+308 -1.7e+308 -1.7e+308 -1.7e+308 -1.7e+308 -1.7e+308 -1.7e+308 -1.7e+308 -1.7e+308 -1.7e+308 -1.7e+308 -1.7e+308 -1.7e+308 -1.7e+308 -1.7e+308 -1.7e+308 -1.7e+308 -1.7e+308 -1.7e+308 -1.7e+308 -1.7e+308 -1.7e+308 -1.7e+308 -1.7e+308 -1.7e+308 -1.7e+308 -1.7e+308 -1.7e+308
-1.7e+308 -1.7e+308 -1.7e+308 -1.7e+308 -1.7e+308 -1.7e+308 -1.7e+308 -1.7e+308 -1.7e+308 -1.7e+308 -1.7e+308 -1.7e+308 -1.7e+308 -1.7e+308 -1.7e+308 -1.7e+308 -1.7e+308 -1.7e+308 1271 1277 1280 1288 1294 1301 1310 1324 1341 1357 1378 1399 1425 1453 1481 1510 1539 1548 1543 1521 1484 -1.7e+308 -1.7e+308 -1.7e+308 -1.7e+308 -1.7e+308 -1.7e+308 -1.7e+308 -1.7e+308 -1.7e+308 -1.7e+308 -1.7e+308 -1.7e+308 -1.7e+308 -1.7e+308 -1.7e+308 -1.7e+308 -1.7e+308 -1.7e+308 -1.7e+308 -1.7e+308 -1.7e+308 -1.7e+308 -1.7e+308 -1.7e+308 -1.7e+308 -1.7e+308 -1.7e+308 -1.7e+308 -1.7e+308
-1.7e+308 -1.7e+308 -1.7e+308 -1.7e+308 -1.7e+308 -1.7e+308 -1.7e+308 -1.7e+308 -1.7e+308 -1.7e+308 -1.7e+308 -1.7e+308 -1.7e+308 -1.7e+308 -1.7e+308 -1.7e+308 -1.7e+308 -1.7e+308 1267 1269 1273 1280 1288 1296 1306 1319 1336 1354 1372 1395 1419 1445 1474 1499 1525 1538 1535 1525 1495 -1.7e+308 -1.7e+308 -1.7e+308 1327 -1.7e+308 -1.7e+308 -1.7e+308 -1.7e+308 -1.7e+308 -1.7e+308 -1.7e+308 -1.7e+308 -1.7e+308 -1.7e+308 -1.7e+308 -1.7e+308 -1.7e+308 -1.7e+308 -1.7e+308 -1.7e+308 -1.7e+308 -1.7e+308 -1.7e+308 -1.7e+308 -1.7e+308 -1.7e+308 -1.7e+308 -1.7e+308 -1.7e+308
-1.7e+308 -1.7e+308 -1.7e+308 -1.7e+308 -1.7e+308 -1.7e+308 -1.7e+308 -1.7e+308 -1.7e+308 -1.7e+308 -1.7e+308 -1.7e+308 -1.7e+308 -1.7e+308 -1.7e+308 -1.7e+308 -1.7e+308 -1.7e+308 -1.7e+308 1263 1267 1272 1281 1291 1302 1313 1327 1344 1362 1384 1409 1435 1457 1479 1498 1507 1506 1499 1471 -1.7e+308 -1.7e+308 -1.7e+308 1340 -1.7e+308 -1.7e+308 -1.7e+308 -1.7e+308 -1.7e+308 -1.7e+308 -1.7e+308 -1.7e+308 -1.7e+308 -1.7e+308 -1.7e+308 -1.7e+308 -1.7e+308 -1.7e+308 -1.7e+308 -1.7e+308 -1.7e+308 -1.7e+308 -1.7e+308 -1.7e+308 -1.7e+308 -1.7e+308 -1.7e+308 -1.7e+308 -1.7e+308
-1.7e+308 -1.7e+308 -1.7e+308 -1.7e+308 -1.7e+308 -1.7e+308 -1.7e+308 -1.7e+308 -1.7e+308 -1.7e+308 -1.7e+308 -1.7e+308 -1.7e+308 -1.7e+308 -1.7e+308 -1.7e+308 -1.7e+308 -1.7e+308 -1.7e+308 1255 1261 1262 1271 1282 1292 1302 1317 1331 1350 1370 1395 1417 1435 1454 1465 1473 1473 1462 1444 -1.7e+308 -1.7e+308 1355 -1.7e+308 -1.7e+308 -1.7e+308 -1.7e+308 -1.7e+308 -1.7e+308 -1.7e+308 -1.7e+308 -1.7e+308 -1.7e+308 -1.7e+308 -1.7e+308 -1.7e+308 -1.7e+308 -1.7e+308 -1.7e+308 -1.7e+308 -1.7e+308 -1.7e+308 -1.7e+308 -1.7e+308 -1.7e+308 -1.7e+308 -1.7e+308 -1.7e+308 -1.7e+308
-1.7e+308 -1.7e+308 -1.7e+308 -1.7e+308 -1.7e+308 -1.7e+308 -1.7e+308 -1.7e+308 -1.7e+308 -1.7e+308 -1.7e+308 -1.7e+308 -1.7e+308 -1.7e+308 -1.7e+308 -1.7e+308 -1.7e+308 -1.7e+308 -1.7e+308 1242 1251 1257 1262 1270 1280 1292 1303 1318 1336 1354 1371 1390 1407 1418 1431 1436 1434 1427 1413 1404 1362 1354 -1.7e+308 -1.7e+308 -1.7e+308 -1.7e+308 -1.7e+308 -1.7e+308 -1.7e+308 -1.7e+308 -1.7e+308 -1.7e+308 -1.7e+308 -1.7e+308 -1.7e+308 -1.7e+308 -1.7e+308 -1.7e+308 -1.7e+308 -1.7e+308 -1.7e+308 -1.7e+308 -1.7e+308 -1.7e+308 -1.7e+308 -1.7e+308 -1.7e+308 -1.7e+308
