layers/bio16.asc
NCOLS 292 
NROWS 290 
XLLCORNER -87.625 
YLLCORNER 24.5 
CELLSIZE 0.0416666666666667 
NODATA_value -1.7e+308 
[rows 31 to 61 of 290, columns 210 to 279 of 292]
385 384 384 385 385 387 388 390 393 394 396 400 402 405 408 411 414 418 420 425 430 433 433 432 433 433 435 435 436 436 437 437 437 438 439 441 440 441 440 442 444 443 444 446 446 445 446 447 448 448 449 450 450 450 451 451 451 452 -1.7e+308 -1.7e+308 -1.7e+308 -1.7e+308 -1.7e+308 -1.7e+308 -1.7e+308 -1.7e+308 -1.7e+308 -1.7e+308 -1.7e+308 -1.7e+308
389 389 388 388 390 391 393 394 397 399 401 404 406 409 413 416 420 422 427 430 434 436 439 439 439 438 438 438 439 440 441 441 442 442 443 445 445 445 446 447 446 447 448 448 449 450 451 452 451 452 452 452 453 454 455 454 455 456 -1.7e+308 -1.7e+308 -1.7e+308 -1.7e+308 -1.7e+308 -1.7e+308 -1.7e+308 -1.7e+308 -1.7e+308 -1.7e+308 -1.7e+308 -1.7e+308
394 392 392 393 394 395 397 399 401 403 405 408 411 414 417 420 424 427 431 434 436 439 441 443 444 444 445 445 446 445 445 447 446 447 448 449 449 450 449 451 450 451 450 452 453 454 455 456 457 456 457 456 457 457 457 458 456 -1.7e+308 -1.7e+308 -1.7e+308 -1.7e+308 -1.7e+308 -1.7e+308 -1.7e+308 -1.7e+308 -1.7e+308 -1.7e+308 -1.7e+308 -1.7e+308 -1.7e+308
395 395 396 396 398 399 400 403 405 407 409 411 415 418 421 424 428 431 434 437 441 442 444 446 448 448 450 450 450 450 451 450 450 450 451 452 453 453 454 454 454 455 455 455 456 458 459 459 460 460 461 460 461 461 461 461 461 -1.7e+308 -1.7e+308 -1.7e+308 -1.7e+308 -1.7e+308 -1.7e+308 -1.7e+308 -1.7e+308 -1.7e+308 -1.7e+308 -1.7e+308 -1.7e+308 -1.7e+308
398 397 399 400 402 402 404 406 408 411 413 415 419 422 425 428 432 435 438 440 443 446 448 450 451 452 454 455 454 454 454 455 455 455 456 456 457 457 457 459 458 458 459 461 462 463 462 464 465 463 463 464 464 465 464 464 -1.7e+308 -1.7e+308 -1.7e+308 -1.7e+308 -1.7e+308 -1.7e+308 -1.7e+308 -1.7e+308 -1.7e+308 -1.7e+308 -1.7e+308 -1.7e+308 -1.7e+308 452
399 401 401 402 404 405 407 409 411 414 417 419 421 425 428 431 436 438 441 445 446 449 451 453 453 455 457 458 458 458 458 459 458 458 459 460 460 459 461 461 461 462 464 464 465 465 466 467 468 468 468 468 467 468 467 -1.7e+308 -1.7e+308 469 470 -1.7e+308 -1.7e+308 -1.7e+308 -1.7e+308 -1.7e+308 -1.7e+308 -1.7e+308 -1.7e+308 458 456 -1.7e+308
401 401 403 404 406 408 410 411 414 417 419 422 425 429 431 435 439 442 445 448 450 453 455 457 457 459 460 462 461 462 462 462 463 463 464 464 463 464 464 464 464 466 468 470 470 470 470 470 472 470 471 471 470 -1.7e+308 -1.7e+308 472 473 471 472 -1.7e+308 472 473 473 472 -1.7e+308 466 464 -1.7e+308 -1.7e+308 -1.7e+308
403 403 405 407 408 410 411 413 417 420 422 425 428 432 435 437 443 445 449 452 454 456 458 458 461 463 463 465 465 466 467 466 467 467 468 468 468 468 467 468 468 470 471 473 473 475 476 475 474 475 473 474 475 476 474 475 474 475 475 477 476 476 475 472 470 -1.7e+308 -1.7e+308 -1.7e+308 -1.7e+308 -1.7e+308
405 405 407 409 410 411 413 415 418 421 424 428 432 435 438 442 446 449 452 455 457 460 462 462 464 465 467 468 468 470 470 469 470 470 471 471 472 470 471 471 473 473 475 475 476 478 478 480 480 480 478 478 477 478 477 477 477 477 478 478 478 477 477 476 -1.7e+308 -1.7e+308 -1.7e+308 -1.7e+308 -1.7e+308 -1.7e+308
406 406 407 410 412 414 416 417 421 424 427 430 434 438 442 444 448 452 456 459 461 463 465 466 467 469 471 471 472 473 473 472 473 474 475 475 475 475 474 474 477 477 478 478 480 480 481 482 481 482 480 480 479 479 479 480 480 481 480 480 480 479 479 -1.7e+308 -1.7e+308 -1.7e+308 -1.7e+308 -1.7e+308 -1.7e+308 -1.7e+308
407 407 409 411 413 414 417 420 422 425 429 432 436 441 443 447 451 456 460 463 464 467 469 471 471 472 473 475 475 475 477 476 476 477 478 478 479 478 479 478 478 480 480 482 483 483 484 483 483 484 483 482 482 482 482 481 482 482 482 482 481 481 -1.7e+308 -1.7e+308 -1.7e+308 -1.7e+308 -1.7e+308 -1.7e+308 -1.7e+308 -1.7e+308
408 408 410 411 414 416 418 421 424 427 431 435 438 442 447 451 455 458 461 464 467 469 471 472 474 475 477 478 479 479 480 479 480 479 480 480 481 482 481 482 483 483 483 485 485 485 485 486 486 485 485 484 484 484 485 484 484 484 484 484 -1.7e+308 -1.7e+308 -1.7e+308 -1.7e+308 -1.7e+308 -1.7e+308 -1.7e+308 -1.7e+308 -1.7e+308 -1.7e+308
409 410 410 411 415 417 419 422 425 429 432 437 441 445 449 454 458 462 464 468 471 473 475 476 478 479 480 481 481 482 482 482 482 482 482 483 483 484 486 486 486 486 487 488 487 487 488 487 487 488 487 486 485 486 486 487 486 486 486 -1.7e+308 -1.7e+308 -1.7e+308 -1.7e+308 -1.7e+308 -1.7e+308 -1.7e+308 -1.7e+308 -1.7e+308 -1.7e+308 -1.7e+308
409 411 413 413 415 417 419 422 427 430 434 438 444 448 452 456 461 464 468 472 475 476 478 479 480 482 483 484 485 485 485 484 484 485 485 486 487 488 488 489 489 490 489 490 490 491 490 489 489 489 488 488 488 488 489 488 487 489 488 -1.7e+308 -1.7e+308 -1.7e+308 -1.7e+308 -1.7e+308 -1.7e+308 -1.7e+308 -1.7e+308 -1.7e+308 -1.7e+308 -1.7e+308
411 411 414 417 416 418 421 423 428 432 436 441 444 450 454 458 463 467 471 475 479 480 481 483 484 484 485 485 487 487 487 488 488 488 489 489 490 491 491 492 492 491 492 491 492 492 492 492 490 -1.7e+308 -1.7e+308 -1.7e+308 -1.7e+308 491 491 490 490 489 -1.7e+308 -1.7e+308 -1.7e+308 -1.7e+308 -1.7e+308 -1.7e+308 -1.7e+308 -1.7e+308 -1.7e+308 -1.7e+308 -1.7e+308 -1.7e+308
411 412 414 417 418 420 420 423 428 433 437 442 447 451 456 461 466 470 474 479 482 483 484 485 487 487 488 488 489 489 490 491 492 493 493 493 493 494 495 493 494 493 494 -1.7e+308 -1.7e+308 -1.7e+308 -1.7e+308 -1.7e+308 -1.7e+308 -1.7e+308 -1.7e+308 -1.7e+308 -1.7e+308 -1.7e+308 -1.7e+308 491 492 -1.7e+308 -1.7e+308 -1.7e+308 -1.7e+308 -1.7e+308 -1.7e+308 -1.7e+308 -1.7e+308 -1.7e+308 -1.7e+308 -1.7e+308 -1.7e+308 -1.7e+308
411 413 415 417 419 421 424 426 429 435 439 444 448 453 458 463 468 473 477 481 483 487 488 488 489 489 490 490 491 493 494 495 495 496 494 496 496 497 497 497 -1.7e+308 -1.7e+308 -1.7e+308 -1.7e+308 -1.7e+308 -1.7e+308 -1.7e+308 -1.7e+308 -1.7e+308 -1.7e+308 -1.7e+308 -1.7e+308 -1.7e+308 -1.7e+308 -1.7e+308 -1.7e+308 -1.7e+308 -1.7e+308 -1.7e+308 -1.7e+308 -1.7e+308 -1.7e+308 -1.7e+308 -1.7e+308 -1.7e+308 -1.7e+308 -1.7e+308 -1.7e+308 -1.7e+308 -1.7e+308
412 414 417 419 420 423 426 429 432 437 441 446 451 456 459 466 470 474 478 482 485 488 489 490 491 492 493 494 495 497 497 499 498 499 499 499 499 499 -1.7e+308 -1.7e+308 -1.7e+308 -1.7e+308 -1.7e+308 -1.7e+308 -1.7e+308 -1.7e+308 -1.7e+308 -1.7e+308 -1.7e+308 -1.7e+308 -1.7e+308 -1.7e+308 -1.7e+308 -1.7e+308 -1.7e+308 -1.7e+308 -1.7e+308 -1.7e+308 -1.7e+308 -1.7e+308 -1.7e+308 -1.7e+308 -1.7e+308 -1.7e+308 -1.7e+308 -1.7e+308 -1.7e+308 -1.7e+308 -1.7e+308 -1.7e+308
413 415 418 420 423 425 428 433 436 441 444 448 452 456 461 467 471 476 480 484 487 490 492 493 494 495 496 498 499 500 501 501 502 501 502 501 -1.7e+308 -1.7e+308 -1.7e+308 -1.7e+308 -1.7e+308 -1.7e+308 -1.7e+308 -1.7e+308 -1.7e+308 -1.7e+308 -1.7e+308 -1.7e+308 -1.7e+308 -1.7e+308 -1.7e+308 -1.7e+308 -1.7e+308 -1.7e+308 -1.7e+308 -1.7e+308 -1.7e+308 -1.7e+308 -1.7e+308 -1.7e+308 -1.7e+308 -1.7e+308 -1.7e+308 -1.7e+308 -1.7e+308 -1.7e+308 -1.7e+308 -1.7e+308 -1.7e+308 -1.7e+308
415 416 419 422 425 426 430 434 438 442 446 450 454 458 463 467 473 477 481 486 489 491 494 495 497 499 500 502 502 504 504 505 504 504 -1.7e+308 -1.7e+308 -1.7e+308 -1.7e+308 -1.7e+308 -1.7e+308 -1.7e+308 -1.7e+308 -1.7e+308 -1.7e+308 -1.7e+308 -1.7e+308 -1.7e+308 -1.7e+308 -1.7e+308 -1.7e+308 -1.7e+308 -1.7e+308 -1.7e+308 -1.7e+308 -1.7e+308 -1.7e+308 -1.7e+308 -1.7e+308 -1.7e+308 -1.7e+308 -1.7e+308 -1.7e+308 -1.7e+308 -1.7e+308 -1.7e+308 -1.7e+308 -1.7e+308 -1.7e+308 -1.7e+308 -1.7e+308
416 418 420 423 425 430 432 436 440 444 448 452 456 460 464 468 474 478 483 486 490 493 497 499 500 502 503 505 505 507 506 506 506 -1.7e+308 -1.7e+308 -1.7e+308 -1.7e+308 -1.7e+308 -1.7e+308 -1.7e+308 -1.7e+308 -1.7e+308 -1.7e+308 -1.7e+308 -1.7e+308 -1.7e+308 -1.7e+308 -1.7e+308 -1.7e+308 -1.7e+308 -1.7e+308 -1.7e+308 -1.7e+308 -1.7e+308 -1.7e+308 -1.7e+308 -1.7e+308 -1.7e+308 -1.7e+308 -1.7e+308 -1.7e+308 -1.7e+308 -1.7e+308 -1.7e+308 -1.7e+308 -1.7e+308 -1.7e+308 -1.7e+308 -1.7e+308 -1.7e+308
419 420 422 425 428 432 435 439 441 445 450 453 458 461 466 470 474 478 484 489 493 497 500 503 506 506 508 508 508 510 509 -1.7e+308 -1.7e+308 -1.7e+308 -1.7e+308 -1.7e+308 -1.7e+308 -1.7e+308 -1.7e+308 -1.7e+308 -1.7e+308 -1.7e+308 -1.7e+308 -1.7e+308 -1.7e+308 -1.7e+308 -1.7e+308 -1.7e+308 -1.7e+308 -1.7e+308 -1.7e+308 -1.7e+308 -1.7e+308 -1.7e+308 -1.7e+308 -1.7e+308 -1.7e+308 -1.7e+308 -1.7e+308 -1.7e+308 -1.7e+308 -1.7e+308 -1.7e+308 -1.7e+308 -1.7e+308 -1.7e+308 -1.7e+308 -1.7e+308 -1.7e+308 -1.7e+308
420 422 424 426 429 434 437 441 444 447 451 455 460 463 468 473 477 483 487 492 496 500 504 507 509 510 511 512 511 510 -1.7e+308 -1.7e+308 -1.7e+308 -1.7e+308 -1.7e+308 -1.7e+308 -1.7e+308 -1.7e+308 -1.7e+308 -1.7e+308 -1.7e+308 -1.7e+308 -1.7e+308 -1.7e+308 -1.7e+308 -1.7e+308 -1.7e+308 -1.7e+308 -1.7e+308 -1.7e+308 -1.7e+308 -1.7e+308 -1.7e+308 -1.7e+308 -1.7e+308 -1.7e+308 -1.7e+308 -1.7e+308 -1.7e+308 -1.7e+308 -1.7e+308 -1.7e+308 -1.7e+308 -1.7e+308 -1.7e+308 -1.7e+308 -1.7e+308 -1.7e+308 -1.7e+308 -1.7e+308
422 424 427 429 432 435 439 442 446 449 452 457 461 466 471 476 481 487 491 496 499 504 507 512 513 514 514 514 -1.7e+308 -1.7e+308 -1.7e+308 -1.7e+308 -1.7e+308 -1.7e+308 -1.7e+308 -1.7e+308 -1.7e+308 -1.7e+308 -1.7e+308 -1.7e+308 -1.7e+308 -1.7e+308 -1.7e+308 -1.7e+308 -1.7e+308 -1.7e+308 -1.7e+308 -1.7e+308 -1.7e+308 -1.7e+308 -1.7e+308 -1.7e+308 -1.7e+308 -1.7e+308 -1.7e+308 -1.7e+308 -1.7e+308 -1.7e+308 -1.7e+308 -1.7e+308 -1.7e+308 -1.7e+308 -1.7e+308 -1.7e+308 -1.7e+308 -1.7e+308 -1.7e+308 -1.7e+308 -1.7e+308 -1.7e+308
426 427 429 431 434 438 440 443 448 450 454 459 463 469 475 479 484 490 494 499 502 506 510 513 515 516 515 -1.7e+308 -1.7e+308 -1.7e+308 -1.7e+308 -1.7e+308 -1.7e+308 -1.7e+308 -1.7e+308 -1.7e+308 -1.7e+308 -1.7e+308 -1.7e+308 -1.7e+308 -1.7e+308 -1.7e+308 -1.7e+308 -1.7e+308 -1.7e+308 -1.7e+308 -1.7e+308 -1.7e+308 -1.7e+308 -1.7e+308 -1.7e+308 -1.7e+308 -1.7e+308 -1.7e+308 -1.7e+308 -1.7e+308 -1.7e+308 -1.7e+308 -1.7e+308 -1.7e+308 -1.7e+308 -1.7e+308 -1.7e+308 -1.7e+308 -1.7e+308 -1.7e+308 -1.7e+308 -1.7e+308 -1.7e+308 -1.7e+308
428 430 432 435 437 440 442 445 449 452 456 462 467 473 478 482 488 493 497 502 505 509 512 515 516 518 -1.7e+308 -1.7e+308 -1.7e+308 -1.7e+308 -1.7e+308 -1.7e+308 -1.7e+308 -1.7e+308 -1.7e+308 -1.7e+308 -1.7e+308 -1.7e+308 -1.7e+308 -1.7e+308 -1.7e+308 -1.7e+308 -1.7e+308 -1.7e+308 -1.7e+308 -1.7e+308 -1.7e+308 -1.7e+308 -1.7e+308 -1.7e+308 -1.7e+308 -1.7e+308 -1.7e+308 -1.7e+308 -1.7e+308 -1.7e+308 -1.7e+308 -1.7e+308 -1.7e+308 -1.7e+308 -1.7e+308 -1.7e+308 -1.7e+308 -1.7e+308 -1.7e+308 -1.7e+308 -1.7e+308 -1.7e+308 -1.7e+308 -1.7e+308
430 433 435 437 440 442 445 447 451 454 459 465 469 475 481 485 491 495 500 503 508 511 515 517 518 518 -1.7e+308 -1.7e+308 -1.7e+308 -1.7e+308 -1.7e+308 -1.7e+308 -1.7e+308 -1.7e+308 -1.7e+308 -1.7e+308 -1.7e+308 -1.7e+308 -1.7e+308 -1.7e+308 -1.7e+308 -1.7e+308 -1.7e+308 -1.7e+308 -1.7e+308 -1.7e+308 -1.7e+308 -1.7e+308 -1.7e+308 -1.7e+308 -1.7e+308 -1.7e+308 -1.7e+308 -1.7e+308 -1.7e+308 -1.7e+308 -1.7e+308 -1.7e+308 -1.7e+308 -1.7e+308 -1.7e+308 -1.7e+308 -1.7e+308 -1.7e+308 -1.7e+308 -1.7e+308 -1.7e+308 -1.7e+308 -1.7e+308 -1.7e+308
433 435 438 439 441 443 446 448 453 457 462 467 473 479 483 489 494 498 502 506 510 514 517 519 520 -1.7e+308 -1.7e+308 -1.7e+308 -1.7e+308 -1.7e+308 -1.7e+308 -1.7e+308 -1.7e+308 -1.7e+308 -1.7e+308 -1.7e+308 -1.7e+308 -1.7e+308 -1.7e+308 -1.7e+308 -1.7e+308 -1.7e+308 -1.7e+308 -1.7e+308 -1.7e+308 -1.7e+308 -1.7e+308 -1.7e+308 -1.7e+308 -1.7e+308 -1.7e+308 -1.7e+308 -1.7e+308 -1.7e+308 -1.7e+308 -1.7e+308 -1.7e+308 -1.7e+308 -1.7e+308 -1.7e+308 -1.7e+308 -1.7e+308 -1.7e+308 -1.7e+308 -1.7e+308 -1.7e+308 -1.7e+308 -1.7e+308 -1.7e+308 -1.7e+308
436 437 440 441 443 446 448 451 455 460 466 470 476 481 486 492 496 502 506 510 514 516 518 520 -1.7e+308 -1.7e+308 -1.7e+308 -1.7e+308 -1.7e+308 -1.7e+308 -1.7e+308 -1.7e+308 -1.7e+308 -1.7e+308 -1.7e+308 -1.7e+308 -1.7e+308 -1.7e+308 -1.7e+308 -1.7e+308 -1.7e+308 -1.7e+308 -1.7e+308 -1.7e+308 -1.7e+308 -1.7e+308 -1.7e+308 -1.7e+308 -1.7e+308 -1.7e+308 -1.7e+308 -1.7e+308 -1.7e+308 -1.7e+308 -1.7e+308 -1.7e+308 -1.7e+308 -1.7e+308 -1.7e+308 -1.7e+308 -1.7e+308 -1.7e+308 -1.7e+308 -1.7e+308 -1.7e+308 -1.7e+308 -1.7e+308 -1.7e+308 -1.7e+308 -1.7e+308
438 440 442 443 446 448 450 453 458 464 469 473 478 484 489 494 498 503 508 513 518 520 520 521 -1.7e+308 -1.7e+308 -1.7e+308 -1.7e+308 -1.7e+308 -1.7e+308 -1.7e+308 -1.7e+308 -1.7e+308 -1.7e+308 -1.7e+308 -1.7e+308 -1.7e+308 -1.7e+308 -1.7e+308 -1.7e+308 -1.7e+308 -1.7e+308 -1.7e+308 -1.7e+308 -1.7e+308 -1.7e+308 -1.7e+308 -1.7e+308 -1.7e+308 -1.7e+308 -1.7e+308 -1.7e+308 -1.7e+308 -1.7e+308 -1.7e+308 -1.7e+308 -1.7e+308 -1.7e+308 -1.7e+308 -1.7e+308 -1.7e+308 -1.7e+308 -1.7e+308 -1.7e+308 -1.7e+308 -1.7e+308 -1.7e+308 -1.7e+308 -1.7e+308 -1.7e+308
441 443 445 445 447 450 452 456 462 466 472 476 480 486 490 496 500 505 511 516 520 521 522 524 -1.7e+308 -1.7e+308 -1.7e+308 -1.7e+308 -1.7e+308 -1.7e+308 -1.7e+308 -1.7e+308 -1.7e+308 -1.7e+308 -1.7e+308 -1.7e+308 -1.7e+308 -1.7e+308 -1.7e+308 -1.7e+308 -1.7e+308 -1.7e+308 -1.7e+308 -1.7e+308 -1.7e+308 -1.7e+308 -1.7e+308 -1.7e+308 -1.7e+308 -1.7e+308 -1.7e+308 -1.7e+308 -1.7e+308 -1.7e+308 -1.7e+308 -1.7e+308 -1.7e+308 -1.7e+308 -1.7e+308 -1.7e+308 -1.7e+308 -1.7e+308 -1.7e+308 -1.7e+308 -1.7e+308 -1.7e+308 -1.7e+308 -1.7e+308 -1.7e+308 -1.7e+308
