layers/bio1.asc
NCOLS 292 
NROWS 290 
XLLCORNER -87.625 
YLLCORNER 24.5 
CELLSIZE 0.0416666666666667 
NODATA_value -1.7e+308 
[rows 31 to 61 of 290, columns 70 to 139 of 292]
-1.7e+308 -1.7e+308 -1.7e+308 -1.7e+308 -1.7e+308 -1.7e+308 -1.7e+308 -1.7e+308 -1.7e+308 -1.7e+308 -1.7e+308 -1.7e+308 -1.7e+308 -1.7e+308 -1.7e+308 -1.7e+308 98 99 108 115 112 109 113 112 115 112 106 104 117 125 126 125 120 110 113 109 121 118 119 110 102 103 98 104 107 117 118 124 127 127 123 124 126 128 128 131 133 138 136 136 147 150 150 150 152 151 149 149 150 150
-1.7e+308 -1.7e+308 -1.7e+308 -1.7e+308 -1.7e+308 -1.7e+308 -1.7e+308 -1.7e+308 -1.7e+308 -1.7e+308 126 128 115 116 118 110 108 106 109 112 117 118 113 111 106 111 104 96 114 124 125 128 125 120 108 105 109 115 113 115 113 109 106 114 116 116 123 129 125 126 125 120 122 122 128 130 132 135 142 150 150 149 150 150 150 150 151 151 151 151
-1.7e+308 -1.7e+308 -1.7e+308 -1.7e+308 -1.7e+308 -1.7e+308 -1.7e+308 -1.7e+308 -1.7e+308 -1.7e+308 134 130 127 129 124 123 122 113 124 128 127 126 118 105 108 108 94 97 111 116 121 127 128 125 117 103 104 107 102 104 105 107 116 119 120 124 129 127 118 122 123 119 125 128 130 130 133 128 140 150 151 152 152 152 151 150 150 152 151 151
-1.7e+308 -1.7e+308 -1.7e+308 -1.7e+308 -1.7e+308 -1.7e+308 -1.7e+308 -1.7e+308 -1.7e+308 -1.7e+308 133 133 133 132 128 129 124 128 128 122 114 109 104 95 106 108 100 100 115 123 124 128 125 124 118 105 100 106 104 105 105 105 115 119 125 129 126 120 119 122 121 127 134 140 141 144 133 137 147 152 152 152 152 152 152 151 151 151 151 150
-1.7e+308 -1.7e+308 -1.7e+308 -1.7e+308 -1.7e+308 -1.7e+308 -1.7e+308 -1.7e+308 -1.7e+308 -1.7e+308 130 129 130 132 132 131 130 130 129 120 118 116 113 114 115 105 106 105 109 119 120 127 121 109 114 104 101 104 110 109 113 116 122 128 128 122 123 122 120 128 131 144 147 147 149 148 150 151 152 152 152 153 153 153 153 152 152 153 151 150
-1.7e+308 -1.7e+308 -1.7e+308 -1.7e+308 -1.7e+308 -1.7e+308 -1.7e+308 -1.7e+308 -1.7e+308 -1.7e+308 123 124 131 130 131 130 131 131 130 127 127 128 126 122 111 106 106 99 102 100 118 127 123 115 106 106 105 112 115 111 113 125 136 140 128 130 120 127 139 148 149 149 150 151 150 152 153 152 152 154 153 153 152 153 153 152 152 153 153 151
-1.7e+308 -1.7e+308 -1.7e+308 -1.7e+308 -1.7e+308 -1.7e+308 -1.7e+308 -1.7e+308 -1.7e+308 127 124 127 129 131 132 129 129 129 130 126 126 128 128 126 124 124 112 102 98 100 110 124 120 107 110 117 116 119 120 116 125 138 142 141 137 140 134 139 149 151 152 152 152 152 151 152 153 154 154 154 154 154 154 154 154 154 153 153 154 152
140 140 135 129 116 127 132 134 133 131 130 129 131 130 131 129 125 125 129 129 127 127 129 125 115 113 112 116 109 111 121 126 122 109 118 126 126 123 125 126 137 144 148 148 148 147 148 148 150 150 151 153 153 152 153 154 154 154 155 155 155 155 155 155 154 154 155 154 154 154
137 135 129 123 120 129 132 132 133 133 131 130 127 128 129 130 129 126 120 122 128 121 126 126 123 124 117 120 123 123 122 127 118 118 124 130 134 132 132 142 146 146 149 152 150 148 150 151 151 149 152 153 154 154 153 149 154 155 154 155 156 156 156 156 155 155 156 155 154 154
135 127 120 113 120 128 130 130 132 133 133 131 130 128 127 129 129 127 125 122 123 111 123 125 119 114 120 126 129 122 121 127 125 131 135 137 136 135 138 147 148 149 150 152 153 151 152 153 152 152 153 154 155 155 155 153 155 156 156 156 155 156 157 157 156 156 156 156 155 154
131 119 117 121 116 118 125 129 131 132 133 130 128 125 128 128 129 129 128 127 120 110 118 124 119 113 124 131 128 127 131 133 136 133 138 138 138 139 140 148 149 151 152 153 153 151 153 154 154 154 154 155 156 156 156 156 155 155 156 157 157 156 157 157 157 157 156 155 156 155
143 137 130 131 129 122 129 132 130 124 131 128 123 123 123 122 125 124 126 129 127 116 114 117 112 116 126 132 130 127 133 133 138 141 139 138 140 140 144 148 150 151 153 154 153 152 153 155 154 155 155 155 156 157 156 157 157 156 156 157 158 157 157 157 157 157 156 155 155 155
128 127 134 136 133 133 136 134 125 120 128 129 128 123 122 121 117 113 119 126 123 119 125 121 120 130 135 129 130 128 134 136 140 143 140 142 144 144 149 150 151 152 154 155 154 154 155 155 156 156 156 156 157 157 157 157 158 157 157 157 157 157 157 157 157 157 157 155 156 155
136 129 136 138 136 137 138 128 116 119 124 129 126 126 124 125 120 116 114 118 117 119 129 132 135 137 136 134 131 130 134 139 144 143 144 146 149 149 151 152 152 153 154 155 156 156 156 156 156 156 157 156 157 158 158 157 157 158 157 157 157 157 158 157 157 157 157 157 157 155
141 135 138 139 139 140 136 132 129 133 128 122 120 120 120 124 118 121 128 129 128 123 134 138 140 139 135 138 139 139 140 142 148 150 148 151 152 152 152 153 153 153 153 155 158 156 157 157 157 157 157 157 157 157 158 157 158 158 157 157 157 157 158 158 157 157 156 156 156 157
144 141 141 140 140 138 138 137 134 134 129 123 117 120 126 124 127 130 132 136 135 133 137 135 138 141 140 141 142 142 141 144 146 152 154 153 154 153 153 153 154 154 155 156 158 157 157 157 157 157 157 157 156 157 158 157 158 158 158 157 157 157 157 157 157 157 157 157 156 156
149 145 142 139 141 138 137 136 133 131 127 121 124 131 135 135 137 136 136 138 138 139 139 138 140 142 141 142 142 142 142 143 149 153 154 155 155 155 155 154 153 155 156 157 158 158 158 157 158 158 158 158 157 157 158 157 157 158 158 158 157 157 157 157 157 157 157 158 157 157
147 146 143 141 143 139 136 130 125 130 131 130 134 135 137 139 141 141 140 140 141 140 138 141 142 142 143 142 142 142 143 147 151 152 153 154 155 156 156 155 154 156 157 157 158 158 159 159 159 158 158 158 157 157 158 158 158 158 158 159 158 158 157 157 157 157 157 157 157 157
145 143 145 145 144 142 138 134 126 129 137 137 139 137 139 141 142 142 142 141 141 139 140 142 143 144 143 142 141 143 147 150 153 154 154 155 155 156 157 157 156 157 157 158 158 159 159 158 158 158 158 158 157 157 158 158 159 158 159 159 158 158 157 157 157 157 157 157 158 158
149 145 145 145 141 141 141 141 135 131 137 140 140 140 139 141 143 144 144 144 144 144 143 143 145 144 144 143 146 152 151 154 154 154 155 156 155 156 156 157 158 158 158 159 159 160 159 159 159 158 159 159 158 158 158 158 159 159 158 159 158 159 158 157 157 157 157 157 157 158
149 146 144 144 138 142 142 143 143 141 140 141 142 143 142 143 144 146 146 146 145 146 145 146 147 146 145 148 153 152 153 155 156 155 156 156 157 156 156 157 157 157 158 159 160 159 160 160 159 159 160 159 159 158 159 158 159 159 159 159 159 159 159 158 158 158 158 157 157 158
149 148 147 143 141 143 145 145 145 143 142 143 144 144 144 146 146 147 146 147 147 148 147 148 147 147 150 152 154 152 153 155 156 157 157 157 158 157 156 157 157 157 159 159 160 160 160 160 159 159 160 160 159 159 159 159 158 159 159 160 159 159 159 158 158 158 159 159 158 158
150 147 145 146 145 145 146 147 147 146 145 146 147 147 147 147 147 148 148 148 149 149 149 149 149 151 152 153 155 154 154 155 156 157 158 158 158 157 156 156 156 158 158 159 160 160 161 160 159 159 160 160 159 160 160 159 159 159 159 160 160 159 160 159 159 159 159 160 159 159
147 141 146 147 146 145 147 149 148 148 148 148 148 147 147 146 146 148 149 150 150 149 150 152 152 153 154 155 155 156 157 156 157 157 157 158 159 157 157 157 157 157 158 159 160 160 161 160 160 160 160 160 160 160 161 160 159 160 159 160 160 160 160 160 160 159 160 160 161 160
147 145 149 148 147 148 149 149 148 148 148 147 147 147 147 147 148 149 150 149 149 150 151 153 154 154 155 155 156 157 157 158 158 158 158 158 159 158 157 157 158 158 159 159 159 160 161 161 160 160 161 160 160 161 161 160 160 160 159 159 159 160 160 161 161 160 160 160 161 161
150 150 150 151 151 150 149 148 148 147 147 148 148 146 148 149 150 150 151 150 150 152 153 154 155 155 156 156 156 156 157 157 158 158 159 159 159 159 158 158 158 158 159 159 160 160 160 161 161 161 161 161 161 162 161 160 160 161 160 160 159 160 160 160 161 161 161 160 161 162
151 151 152 152 150 149 150 150 149 149 148 149 149 148 149 150 151 151 150 151 152 153 153 155 156 156 156 156 157 157 156 157 157 158 158 159 160 160 160 160 159 159 159 159 159 160 161 162 161 162 162 162 162 162 161 160 161 162 161 160 159 159 160 161 161 161 162 161 162 163
153 153 153 152 152 151 151 150 150 150 149 149 149 149 150 151 150 150 150 153 154 154 155 156 157 158 156 157 158 158 157 158 158 158 159 159 160 160 160 161 160 160 159 159 160 160 160 161 162 163 162 163 163 163 162 161 162 162 161 160 160 160 160 162 162 162 162 163 162 163
153 153 152 151 153 153 152 151 150 150 149 150 149 150 152 152 151 151 151 153 155 156 156 156 157 158 159 158 159 160 159 159 159 159 159 160 160 160 161 161 161 160 160 159 159 160 161 162 162 163 163 163 163 163 162 162 162 163 161 161 161 160 160 161 162 162 162 163 162 162
154 153 151 152 153 151 151 151 150 150 150 150 151 151 153 152 152 152 152 154 155 157 157 158 159 159 160 159 159 160 160 161 160 160 160 161 161 161 161 161 162 162 161 161 160 162 162 162 163 163 163 163 163 164 163 162 162 163 162 162 162 161 161 162 162 162 162 162 163 163
154 152 153 153 153 151 152 152 152 151 151 152 152 153 153 153 153 152 153 154 155 155 156 157 158 159 160 160 160 160 161 162 161 160 161 161 162 162 162 162 162 162 163 163 162 163 163 163 163 164 164 164 163 164 164 163 163 163 162 162 162 162 162 162 162 162 162 163 163 164
