layers/bio16.asc
NCOLS 292 
NROWS 290 
XLLCORNER -87.625 
YLLCORNER 24.5 
CELLSIZE 0.0416666666666667 
NODATA_value -1.7e+308 
[rows 62 to 92 of 290, columns 70 to 139 of 292]
404 407 404 406 404 405 406 407 410 412 413 415 417 416 414 414 413 414 411 410 406 404 401 397 395 392 393 390 386 384 382 379 378 379 378 377 374 372 372 372 372 369 367 366 363 363 360 360 358 357 355 355 356 356 352 352 352 355 355 352 353 352 351 353 351 351 351 352 352 350
407 403 402 402 400 401 402 405 408 410 411 412 411 411 408 408 409 411 406 404 404 399 396 393 390 390 390 388 385 382 379 378 376 376 376 376 373 373 372 373 371 370 368 366 363 362 362 363 359 357 356 354 351 354 352 352 353 355 353 352 352 352 354 352 351 350 351 351 352 352
404 401 401 401 399 400 400 402 403 406 406 408 409 406 406 406 406 406 406 400 397 397 394 391 390 387 385 385 384 382 379 376 376 374 375 375 373 373 374 371 368 367 365 362 365 362 365 364 360 358 357 354 355 351 351 352 352 354 354 352 353 354 354 351 349 350 350 352 353 354
403 401 402 400 399 400 400 400 401 401 403 406 406 406 402 404 405 402 401 401 395 392 392 392 389 386 383 383 382 381 380 377 373 372 372 372 373 373 370 368 367 367 364 365 366 362 364 364 361 358 356 356 355 354 352 352 352 352 353 352 351 351 349 349 349 350 352 352 353 356
404 401 401 402 399 399 398 396 396 399 401 401 403 401 400 399 400 399 397 396 394 393 390 390 387 385 383 381 380 377 378 377 374 369 369 370 373 373 370 370 368 367 366 368 366 366 364 362 360 357 357 357 355 353 353 353 352 350 352 351 351 349 350 350 351 352 353 354 355 357
407 402 402 398 397 398 396 395 395 398 399 396 399 398 395 394 395 395 392 392 392 389 386 386 387 385 382 381 378 376 376 375 371 369 369 371 374 374 372 370 368 366 369 369 367 366 363 361 360 358 360 359 356 356 354 354 353 352 350 350 349 350 352 353 353 351 354 354 356 357
405 402 397 396 396 395 394 393 393 393 394 394 394 395 396 391 393 393 388 387 390 387 384 384 385 383 380 377 379 376 373 373 372 368 369 372 371 372 370 368 369 369 367 367 365 362 363 363 363 360 359 360 359 356 355 353 353 353 352 349 350 350 350 352 350 350 350 353 356 355
402 399 396 395 395 392 392 388 388 388 388 391 391 391 393 393 391 388 386 385 387 385 382 385 385 381 379 378 377 374 372 370 371 369 369 369 369 370 373 371 368 367 367 364 364 363 362 362 361 361 358 358 358 355 354 352 351 351 351 349 350 349 349 348 348 349 351 355 355 353
400 397 397 396 394 392 390 388 388 389 390 389 388 388 388 390 390 388 384 384 386 384 381 384 383 380 377 376 374 372 371 370 369 369 368 369 372 373 373 370 369 367 365 365 364 363 360 363 361 360 358 358 356 354 354 354 356 354 354 351 348 350 347 345 345 347 349 352 351 350
402 399 398 397 395 392 390 388 390 389 389 390 389 390 387 387 387 388 384 382 383 382 382 382 380 379 378 376 376 375 373 372 368 369 368 369 370 371 373 372 370 369 366 365 365 365 363 362 360 360 360 359 356 356 358 359 357 354 352 349 346 346 346 346 343 349 351 347 349 349
403 402 400 397 394 393 390 390 389 389 389 388 387 388 386 385 385 385 385 382 381 380 383 381 378 377 377 375 375 374 374 370 370 368 367 368 371 371 372 374 372 370 369 367 367 367 367 364 363 363 361 360 359 358 359 357 354 352 351 349 347 346 345 342 344 346 349 344 346 347
404 403 400 397 396 393 391 391 391 391 388 386 386 386 386 383 384 383 383 380 382 380 380 380 379 377 375 374 373 373 373 371 370 369 367 369 370 369 372 373 371 369 367 367 369 369 367 365 367 364 363 363 360 359 359 358 354 353 351 348 347 348 345 343 340 342 344 339 343 350
405 402 400 399 395 394 393 390 392 391 391 388 388 388 386 384 383 381 382 380 380 380 380 380 377 377 375 372 372 370 372 371 368 367 366 368 367 369 371 371 372 371 369 367 366 369 369 369 368 366 365 363 362 360 360 357 353 353 351 348 350 349 346 343 340 334 337 339 348 352
404 402 400 399 397 394 395 392 393 393 393 390 388 388 388 387 385 383 380 379 380 379 380 379 376 375 374 371 372 370 371 371 371 368 367 368 366 367 369 368 369 369 368 366 366 367 369 367 368 367 364 363 361 359 358 356 355 353 350 348 350 346 343 340 335 333 334 340 349 351
405 402 399 398 396 395 395 392 392 392 392 390 390 390 387 385 384 383 382 379 379 379 380 379 377 374 374 372 370 369 369 370 370 369 367 365 365 365 366 365 365 365 367 366 366 364 366 367 366 366 364 361 359 357 356 355 353 353 351 350 347 344 342 339 333 332 334 339 348 351
404 404 400 397 396 397 395 392 392 392 390 388 390 388 388 385 384 383 382 380 379 378 379 379 375 372 372 373 371 369 367 370 371 369 368 369 367 364 363 362 363 363 366 365 364 361 364 364 364 362 364 362 358 355 353 353 350 350 350 347 346 341 337 337 334 334 336 339 344 350
404 405 403 399 396 396 394 392 392 392 392 389 387 387 386 387 387 385 383 382 378 378 378 377 376 374 372 369 370 369 367 368 366 368 366 366 363 362 362 362 362 365 365 364 363 363 361 362 362 360 360 360 360 356 353 349 348 347 345 345 345 342 340 337 337 337 339 341 345 349
404 404 404 401 398 396 393 393 394 393 393 391 390 388 387 385 385 385 384 383 378 377 375 378 377 375 373 370 369 369 366 366 367 365 363 361 361 363 364 362 363 363 363 362 361 361 359 361 362 361 358 357 356 355 353 350 348 345 342 343 341 338 337 338 340 342 342 344 346 349
406 403 402 402 398 397 395 395 396 395 394 391 390 389 387 385 386 386 383 380 379 377 379 377 376 374 373 372 372 368 366 365 365 363 362 362 362 364 366 363 363 362 362 362 361 360 360 357 360 357 356 353 355 353 350 350 347 344 341 339 338 337 336 338 339 341 345 348 349 351
409 405 402 401 400 397 398 398 397 396 393 392 392 390 387 387 385 386 384 381 378 376 378 377 375 375 373 370 370 367 364 363 362 361 361 362 361 364 365 364 361 361 360 362 362 359 357 355 357 356 353 353 352 350 348 346 344 341 340 337 335 336 338 340 342 344 346 350 352 355
408 408 405 400 399 399 398 397 397 395 393 393 392 389 389 388 386 383 382 382 378 376 378 376 374 373 371 369 367 366 365 363 363 362 362 360 360 363 362 365 362 359 360 360 360 360 358 355 352 353 353 350 350 347 345 343 342 340 340 338 339 339 341 342 342 345 349 352 354 358
408 406 405 402 400 399 399 399 397 397 393 392 392 389 387 389 387 384 382 380 378 377 376 374 374 372 372 369 367 367 366 365 364 362 361 358 359 362 361 362 362 358 358 357 357 358 356 355 353 350 351 347 346 344 342 342 340 340 339 341 341 343 344 344 346 347 350 352 357 361
409 407 404 403 401 401 399 398 398 396 393 392 392 393 391 389 387 386 384 381 378 376 373 372 371 371 372 370 368 368 367 364 360 360 360 359 360 360 359 360 360 357 357 356 356 356 356 354 353 351 348 346 343 341 340 339 337 339 340 342 343 344 345 346 348 351 353 355 357 361
407 406 405 402 400 400 400 402 401 398 394 392 393 393 390 387 385 383 383 381 378 375 372 369 370 370 368 368 369 366 365 364 364 361 360 361 358 357 356 356 359 355 354 354 356 356 355 353 351 348 346 343 342 341 338 337 338 340 342 343 344 346 346 349 351 353 357 358 361 363
410 408 405 402 401 400 407 401 402 395 393 394 393 390 389 387 386 382 379 379 375 373 371 367 368 367 365 366 366 364 363 363 364 362 360 359 358 355 355 355 356 355 354 357 355 356 355 352 350 347 344 344 342 339 336 337 339 341 345 347 347 347 348 351 352 356 360 361 363 366
408 406 406 405 405 403 403 399 397 395 394 392 390 389 387 386 383 379 377 373 374 373 370 365 364 364 362 363 366 364 363 361 360 360 361 359 358 357 355 353 356 354 355 355 356 356 354 352 349 347 345 344 341 339 340 340 341 343 347 349 349 350 351 352 353 357 361 364 365 368
410 408 407 408 402 402 398 397 395 395 391 390 386 386 385 382 379 378 375 371 369 370 367 365 360 359 359 361 362 362 361 361 359 359 359 359 360 360 357 353 353 353 354 354 356 356 353 351 348 348 345 341 340 339 340 342 343 347 349 350 351 353 353 355 355 358 362 364 369 371
416 407 405 402 402 397 394 392 392 391 387 386 385 384 382 379 375 374 371 370 366 365 363 362 360 357 355 357 359 358 358 360 360 360 360 359 359 357 357 357 352 352 353 354 355 352 352 351 348 345 343 343 340 340 342 343 345 348 351 354 354 355 356 358 359 359 363 368 372 373
405 401 402 401 397 395 391 388 387 387 383 381 379 379 377 378 375 371 369 366 365 364 361 359 354 354 349 352 353 356 356 355 357 358 359 360 359 358 358 356 354 351 353 355 353 352 350 349 348 345 342 340 343 344 345 346 348 351 352 355 357 358 358 359 361 363 365 370 374 376
404 401 399 397 395 391 389 387 383 381 380 379 379 375 374 372 374 372 370 366 362 360 358 353 351 349 347 349 354 355 355 355 354 355 357 358 356 356 357 359 357 351 352 353 351 351 350 347 347 345 343 340 342 347 349 350 352 353 356 358 359 361 362 364 365 365 368 372 375 379
397 395 393 391 391 389 390 385 381 380 376 374 373 373 373 373 370 370 368 364 360 356 354 353 351 347 345 345 350 352 354 356 355 358 358 358 357 358 354 355 353 351 352 351 351 351 348 346 344 344 342 343 344 347 351 354 356 358 359 361 364 364 367 367 368 369 371 374 377 381
