layers/bio14.asc
NCOLS 292 
NROWS 290 
XLLCORNER -87.625 
YLLCORNER 24.5 
CELLSIZE 0.0416666666666667 
NODATA_value -1.7e+308 
[rows 32 to 63 of 290, columns 72 to 143 of 292]
-1.7e+308 -1.7e+308 -1.7e+308 -1.7e+308 -1.7e+308 -1.7e+308 -1.7e+308 -1.7e+308 94 92 103 102 100 108 110 113 109 107 103 102 108 110 117 112 121 130 112 102 101 99 102 111 127 133 130 125 129 130 135 141 145 141 139 139 130 122 125 123 123 127 124 123 117 115 113 112 108 104 103 102 100 98 97 96 94 93 93 92 91 91 90 89
-1.7e+308 -1.7e+308 -1.7e+308 -1.7e+308 -1.7e+308 -1.7e+308 -1.7e+308 -1.7e+308 89 91 93 91 95 96 97 106 96 93 94 96 104 119 116 117 133 131 118 114 109 103 102 109 121 138 139 139 144 145 146 147 144 141 140 135 128 130 138 133 131 133 126 122 119 118 116 119 111 106 103 99 98 97 97 96 95 93 92 92 91 91 90 89
-1.7e+308 -1.7e+308 -1.7e+308 -1.7e+308 -1.7e+308 -1.7e+308 -1.7e+308 -1.7e+308 90 90 90 90 92 92 96 93 93 99 108 115 121 131 121 120 129 130 116 109 109 106 110 114 124 139 146 144 147 148 150 152 152 147 140 135 137 142 141 138 136 129 122 116 114 111 119 116 106 103 101 99 98 97 95 95 94 93 92 92 92 91 90 89
-1.7e+308 -1.7e+308 -1.7e+308 -1.7e+308 -1.7e+308 -1.7e+308 -1.7e+308 -1.7e+308 92 93 92 90 90 90 91 92 94 102 106 109 112 113 113 125 126 128 125 117 117 110 119 135 132 144 148 148 147 150 152 154 148 139 138 145 144 143 144 133 130 113 110 111 108 108 105 104 102 101 99 97 96 95 94 93 92 91 91 91 91 89 89 88
-1.7e+308 -1.7e+308 -1.7e+308 -1.7e+308 -1.7e+308 -1.7e+308 -1.7e+308 -1.7e+308 99 97 92 92 92 92 92 92 93 97 98 98 102 106 119 126 127 135 134 137 122 114 120 132 143 145 148 144 146 152 154 145 128 122 141 138 149 141 123 111 109 108 107 108 107 104 101 102 100 98 98 97 96 94 92 92 91 90 89 90 90 88 88 88
-1.7e+308 -1.7e+308 -1.7e+308 -1.7e+308 -1.7e+308 -1.7e+308 -1.7e+308 96 98 96 94 93 92 94 95 95 95 99 100 100 101 104 107 110 123 134 139 140 132 120 126 141 141 137 141 142 143 151 142 126 120 123 129 125 134 125 110 107 106 105 106 106 106 103 100 98 97 96 94 94 92 91 90 89 88 88 87 88 88 87 87 88
95 98 107 98 94 93 93 94 95 96 94 95 94 95 100 99 97 98 101 102 102 107 119 122 125 123 132 131 124 121 127 142 135 128 132 139 139 141 127 119 114 113 112 113 112 112 110 108 107 105 105 106 103 100 98 96 94 93 92 91 90 89 88 87 85 86 86 86 87 86 86 86
99 102 105 98 95 95 94 94 95 96 98 98 96 96 97 100 107 105 101 109 106 108 112 114 121 121 120 122 125 122 133 135 131 126 123 128 131 120 116 117 112 108 111 112 110 108 107 110 106 105 103 103 102 105 97 94 94 92 90 89 88 86 86 84 83 84 85 85 85 85 86 85
105 111 105 100 98 97 96 95 95 96 97 99 99 98 98 100 103 107 108 121 111 110 117 124 120 117 116 124 127 123 127 123 120 119 122 126 123 114 114 114 112 108 107 109 108 106 106 106 105 104 102 100 98 98 94 92 90 89 89 88 86 85 84 83 82 83 84 85 86 85 85 85
108 106 109 107 103 99 98 97 97 98 100 102 100 100 100 100 101 104 111 123 117 113 119 126 119 114 118 121 119 119 117 121 117 118 120 120 121 113 113 111 109 106 107 109 106 104 104 104 103 102 99 97 95 92 92 91 89 88 87 87 86 84 84 83 83 84 84 84 84 85 85 85
101 100 101 106 101 99 100 104 99 101 105 106 105 107 105 106 105 103 106 118 122 121 127 124 117 114 117 122 118 119 115 112 115 119 117 120 116 112 111 110 107 105 106 107 105 102 103 102 102 101 97 94 93 90 88 88 88 87 86 86 86 85 84 83 84 84 85 84 84 84 85 86
99 98 100 100 98 99 105 108 102 102 103 107 108 109 113 118 114 107 112 117 112 118 120 113 111 118 118 122 117 117 113 111 114 113 113 114 109 109 109 107 105 103 104 104 102 101 101 101 100 99 95 94 90 88 86 87 87 86 87 86 86 86 85 84 84 85 84 85 85 84 85 85
99 98 100 99 99 104 112 110 106 103 105 105 107 106 112 117 119 116 119 118 111 110 110 109 110 114 118 120 118 114 109 111 111 109 106 107 106 106 106 105 103 102 100 100 101 100 100 98 97 97 95 92 89 88 86 86 86 87 86 86 85 85 86 85 85 84 84 85 85 85 85 85
98 98 99 99 101 102 104 102 105 108 110 111 111 108 114 113 108 108 110 115 108 107 107 108 112 111 110 111 111 110 105 104 106 103 103 103 104 103 103 104 103 101 97 98 97 97 97 95 95 95 94 91 90 89 87 86 87 87 87 86 86 85 85 85 85 85 85 85 85 85 84 85
96 98 99 100 100 100 102 102 104 109 114 112 108 110 108 107 106 105 106 109 107 110 108 107 109 108 107 108 110 108 107 102 99 101 100 101 102 102 101 100 99 97 95 95 95 94 94 93 93 92 93 91 89 89 87 86 86 87 87 87 87 86 85 85 85 85 86 86 86 85 84 84
96 98 98 100 101 101 103 104 107 111 109 105 103 103 103 103 105 104 105 105 106 108 107 106 107 107 107 108 109 109 104 101 99 98 98 99 99 100 101 98 96 94 93 93 92 92 91 90 90 90 91 90 88 89 88 87 86 86 86 86 87 86 86 85 85 85 85 85 85 86 84 83
95 96 97 99 101 105 108 105 105 106 104 103 102 101 101 102 103 103 104 105 107 106 106 105 105 106 106 107 107 105 102 101 101 99 98 96 96 97 98 96 94 93 91 90 89 88 87 88 88 88 89 89 87 87 87 87 86 86 86 86 87 87 87 86 86 85 85 84 84 83 83 83
93 94 95 97 100 103 108 106 102 101 101 103 102 101 101 101 102 103 103 106 106 105 105 104 105 106 107 106 104 102 99 98 99 98 97 96 95 95 95 94 92 91 90 88 87 86 86 86 86 87 88 88 87 87 86 87 86 85 86 85 86 86 86 86 86 85 84 84 84 83 82 82
93 93 97 98 98 99 102 106 102 100 101 101 102 101 101 100 101 101 102 103 104 104 103 104 104 105 103 99 100 98 98 97 96 96 96 95 94 93 92 91 90 89 87 86 86 84 84 85 84 86 86 86 86 86 86 85 86 85 85 84 85 85 85 85 85 85 84 84 83 82 82 81
93 94 98 97 97 97 98 100 100 100 100 99 100 100 100 99 99 100 101 101 102 102 102 103 104 101 99 99 98 96 96 96 96 94 94 95 94 93 92 92 91 89 86 86 84 83 84 85 83 84 84 85 85 86 85 85 85 85 84 84 83 84 85 84 84 84 84 83 83 82 81 81
90 95 96 96 95 96 97 98 99 99 98 98 99 98 98 98 99 99 100 100 101 100 102 102 100 99 98 99 99 97 96 94 94 94 92 93 94 93 92 91 89 87 85 85 83 83 84 84 83 82 84 84 84 85 85 84 84 84 84 83 83 84 84 83 82 83 83 82 82 81 80 79
92 92 94 95 95 95 95 96 97 96 97 97 97 97 98 97 98 98 98 98 99 99 100 100 99 98 97 98 98 97 95 94 92 92 92 92 93 93 91 89 88 87 85 83 83 83 83 82 83 82 83 83 83 84 84 84 84 83 82 82 82 82 82 83 82 81 81 81 81 80 80 79
91 91 93 95 94 93 94 95 95 95 96 97 97 98 99 98 97 97 98 99 98 97 98 98 98 98 97 96 95 95 94 93 92 91 91 91 92 91 90 89 88 86 84 83 82 82 82 82 81 82 82 82 82 82 83 83 83 82 82 81 81 81 81 81 81 80 80 80 80 79 78 78
89 90 92 92 92 93 94 94 95 95 96 96 96 97 97 96 96 97 98 98 98 97 97 97 97 97 95 94 94 93 92 92 91 91 90 90 91 90 89 88 86 85 84 83 82 81 81 81 80 81 81 80 81 82 82 81 82 82 81 81 80 80 80 80 80 80 79 79 79 79 78 77
87 88 89 91 92 93 94 95 95 95 95 96 96 96 95 95 96 97 97 97 97 96 96 97 96 95 95 95 93 93 92 92 90 90 89 89 89 88 87 86 85 84 83 82 82 81 81 80 80 80 80 80 80 81 81 80 81 81 81 80 79 79 79 78 79 79 78 77 77 77 77 76
85 87 90 91 91 92 92 93 94 94 94 95 95 94 94 95 96 96 96 95 96 95 95 95 95 95 94 94 94 93 92 92 91 90 88 87 87 85 86 85 84 84 83 82 81 79 80 79 79 79 79 79 80 81 80 79 80 80 81 80 79 78 78 78 78 78 78 77 76 76 76 75
85 86 88 89 89 91 91 92 93 93 94 94 94 94 95 95 96 94 94 95 94 94 94 93 94 93 92 91 93 92 92 91 90 89 87 87 85 84 84 84 84 83 82 82 81 80 79 79 79 78 78 79 80 80 79 79 80 80 80 79 79 78 77 77 77 77 77 77 76 76 75 74
85 86 87 87 88 90 91 91 92 92 93 93 93 93 94 95 95 94 93 93 94 94 93 92 91 92 91 90 91 90 91 90 89 87 87 87 85 83 83 83 83 82 82 81 80 79 79 78 78 78 78 78 79 80 79 79 80 79 79 79 78 78 77 77 77 76 77 76 76 75 75 74
85 85 86 87 88 89 90 90 91 92 92 92 91 93 93 94 94 94 93 93 92 91 91 90 90 91 90 90 90 89 89 89 87 86 85 85 84 83 82 81 81 81 81 80 79 79 78 78 78 78 78 78 78 80 79 78 79 78 78 78 78 77 77 77 76 76 76 75 75 74 73 73
84 84 85 87 87 87 88 89 90 90 90 91 91 92 92 93 93 93 93 93 92 91 90 90 89 89 89 90 88 87 87 87 86 85 84 84 83 82 81 81 79 80 79 79 78 78 78 77 77 77 78 77 78 79 78 78 79 78 77 77 76 76 76 76 76 76 75 75 74 73 73 73
83 84 84 85 85 86 87 88 88 89 90 90 90 90 91 91 91 92 92 92 91 90 90 89 90 89 88 88 87 86 85 86 85 84 84 83 82 82 82 80 80 79 78 78 77 77 77 77 77 77 78 78 78 78 77 78 78 77 77 76 76 76 75 75 75 75 74 74 73 73 73 73
82 83 83 83 84 85 86 87 87 88 88 88 88 89 90 90 90 90 91 90 90 89 88 88 88 88 88 87 85 85 84 84 84 84 83 83 82 82 81 81 80 79 78 77 78 78 77 77 77 77 76 78 77 77 77 78 77 76 76 75 76 75 74 74 74 74 74 74 73 73 73 72
