layers/bio12.asc
NCOLS 292 
NROWS 290 
XLLCORNER -87.625 
YLLCORNER 24.5 
CELLSIZE 0.0416666666666667 
NODATA_value -1.7e+308 
[rows 120 to 149 of 290, columns 68 to 135 of 292]
1322 1320 1313 1313 1306 1301 1296 1289 1285 1280 1275 1270 1261 1257 1250 1246 1236 1235 1234 1232 1231 1233 1233 1228 1226 1218 1210 1203 1198 1200 1195 1191 1190 1188 1193 1194 1197 1194 1200 1203 1208 1212 1219 1224 1229 1233 1235 1240 1239 1238 1236 1234 1232 1230 1231 1228 1229 1230 1231 1235 1234 1236 1242 1243 1250 1255 1259 1265
1326 1321 1314 1311 1309 1303 1299 1293 1289 1286 1280 1275 1270 1265 1260 1253 1249 1243 1242 1242 1237 1241 1239 1232 1228 1221 1212 1210 1203 1199 1202 1197 1195 1190 1197 1197 1199 1200 1202 1208 1211 1216 1224 1225 1231 1240 1243 1247 1244 1242 1241 1236 1235 1233 1234 1234 1231 1232 1236 1238 1240 1240 1245 1249 1253 1259 1264 1270
1327 1325 1322 1314 1312 1306 1302 1299 1295 1292 1286 1284 1278 1272 1267 1261 1257 1255 1253 1252 1251 1251 1243 1235 1231 1230 1220 1212 1206 1203 1205 1203 1203 1198 1196 1196 1200 1207 1207 1207 1215 1220 1224 1229 1235 1242 1251 1252 1249 1251 1244 1242 1240 1239 1236 1237 1236 1237 1239 1244 1244 1247 1248 1251 1255 1262 1269 1272
1329 1330 1325 1322 1314 1309 1306 1304 1302 1301 1294 1291 1284 1282 1277 1270 1263 1264 1262 1263 1265 1255 1248 1242 1235 1232 1224 1218 1215 1206 1206 1204 1203 1205 1205 1206 1204 1207 1212 1214 1219 1221 1226 1235 1236 1242 1251 1253 1249 1250 1247 1248 1244 1241 1239 1241 1239 1242 1241 1248 1249 1253 1255 1261 1263 1264 1278 1276
1332 1331 1329 1325 1319 1315 1313 1309 1306 1304 1299 1296 1290 1287 1284 1278 1275 1276 1270 1277 1269 1262 1259 1246 1241 1235 1232 1223 1221 1213 1211 1210 1206 1207 1205 1206 1210 1209 1212 1214 1220 1225 1233 1238 1241 1248 1249 1253 1254 1251 1248 1249 1249 1245 1245 1245 1244 1244 1244 1247 1251 1256 1261 1264 1266 1269 1277 1280
1335 1333 1333 1331 1326 1318 1316 1316 1313 1309 1303 1300 1299 1296 1289 1287 1284 1281 1277 1281 1277 1267 1266 1258 1246 1239 1238 1227 1226 1219 1213 1215 1210 1211 1210 1209 1211 1215 1215 1217 1220 1230 1232 1238 1243 1245 1253 1252 1254 1255 1254 1255 1252 1249 1248 1247 1247 1249 1248 1252 1253 1260 1266 1270 1271 1273 1280 1287
1338 1337 1339 1335 1329 1327 1323 1319 1317 1314 1311 1307 1305 1304 1299 1296 1298 1295 1287 1287 1282 1274 1269 1262 1261 1246 1239 1232 1230 1224 1218 1219 1215 1213 1212 1211 1213 1215 1217 1219 1225 1230 1235 1240 1247 1252 1256 1258 1260 1259 1257 1255 1255 1251 1250 1251 1246 1249 1251 1257 1260 1260 1267 1274 1276 1280 1286 1290
1341 1339 1342 1338 1334 1331 1330 1327 1321 1321 1317 1315 1312 1310 1308 1305 1307 1309 1302 1296 1287 1285 1274 1271 1265 1259 1251 1240 1234 1230 1222 1222 1219 1216 1212 1215 1215 1216 1220 1222 1227 1232 1236 1247 1249 1255 1259 1262 1263 1262 1262 1259 1260 1258 1258 1254 1252 1253 1251 1260 1265 1271 1272 1275 1281 1285 1289 1296
1346 1344 1342 1343 1338 1337 1331 1331 1329 1328 1323 1322 1320 1319 1316 1311 1317 1315 1309 1300 1295 1290 1280 1276 1270 1264 1257 1250 1244 1234 1227 1228 1223 1220 1215 1216 1213 1218 1222 1224 1229 1232 1239 1249 1254 1258 1264 1266 1269 1271 1269 1268 1268 1262 1264 1260 1258 1258 1261 1264 1268 1272 1277 1281 1289 1293 1295 1298
1349 1346 1348 1345 1343 1341 1338 1337 1335 1334 1330 1331 1324 1324 1324 1323 1326 1321 1313 1304 1299 1295 1290 1280 1274 1267 1262 1254 1248 1241 1234 1232 1227 1221 1222 1216 1218 1218 1222 1227 1231 1234 1242 1251 1259 1262 1268 1270 1274 1276 1274 1274 1271 1271 1269 1267 1267 1266 1268 1274 1276 1278 1283 1291 1296 1298 1297 1304
1354 1348 1349 1349 1347 1343 1343 1340 1340 1338 1338 1336 1334 1333 1337 1339 1332 1326 1317 1310 1306 1298 1293 1289 1285 1276 1268 1259 1253 1245 1242 1238 1231 1227 1223 1219 1218 1218 1223 1223 1233 1238 1245 1253 1263 1268 1274 1279 1282 1283 1283 1281 1280 1278 1276 1276 1274 1273 1276 1280 1285 1286 1290 1296 1300 1297 1301 1304
1358 1355 1353 1352 1350 1350 1347 1346 1345 1345 1343 1341 1340 1345 1351 1346 1341 1329 1321 1316 1310 1303 1298 1294 1289 1282 1275 1266 1257 1250 1248 1242 1236 1231 1226 1218 1221 1219 1221 1226 1231 1236 1248 1257 1266 1274 1281 1285 1289 1290 1289 1288 1286 1284 1282 1283 1282 1281 1284 1286 1289 1294 1295 1300 1303 1304 1306 1307
1365 1358 1358 1357 1356 1355 1353 1352 1351 1351 1349 1352 1350 1357 1358 1350 1346 1336 1325 1321 1313 1307 1304 1301 1293 1286 1279 1271 1266 1257 1253 1246 1242 1236 1230 1227 1219 1219 1221 1229 1234 1238 1250 1261 1270 1278 1286 1293 1294 1297 1295 1292 1290 1291 1287 1288 1289 1289 1290 1291 1294 1297 1303 1303 1306 1306 1305 1310
1368 1365 1362 1362 1362 1360 1358 1358 1358 1356 1358 1360 1367 1367 1363 1355 1351 1344 1334 1330 1319 1317 1311 1305 1304 1294 1289 1278 1270 1271 1262 1252 1250 1242 1236 1227 1224 1220 1223 1227 1235 1245 1251 1265 1273 1283 1290 1300 1301 1302 1300 1302 1298 1299 1296 1294 1293 1294 1295 1298 1299 1304 1305 1306 1309 1308 1311 1313
1373 1369 1367 1367 1364 1361 1364 1361 1364 1365 1370 1379 1375 1373 1368 1361 1354 1348 1339 1337 1326 1320 1313 1311 1309 1301 1297 1286 1280 1275 1270 1260 1252 1249 1240 1235 1226 1225 1222 1230 1240 1250 1255 1270 1279 1286 1295 1300 1304 1305 1307 1304 1304 1303 1299 1301 1302 1300 1303 1304 1305 1308 1310 1313 1311 1311 1313 1313
1379 1371 1371 1371 1370 1369 1369 1369 1373 1379 1386 1385 1380 1379 1375 1367 1359 1352 1347 1338 1334 1331 1326 1321 1316 1311 1298 1296 1288 1282 1277 1267 1260 1254 1250 1239 1236 1234 1231 1238 1247 1257 1262 1274 1284 1289 1298 1303 1306 1307 1309 1309 1309 1307 1306 1307 1310 1310 1309 1310 1311 1313 1313 1316 1314 1312 1313 1316
1381 1380 1379 1375 1372 1376 1379 1380 1392 1397 1395 1391 1386 1386 1380 1376 1370 1360 1353 1350 1348 1341 1332 1329 1323 1322 1316 1305 1296 1293 1289 1278 1270 1261 1257 1249 1250 1243 1245 1250 1254 1264 1268 1281 1288 1295 1301 1305 1310 1311 1312 1312 1314 1314 1313 1316 1313 1315 1313 1315 1313 1317 1317 1320 1319 1316 1316 1317
1387 1383 1383 1379 1382 1385 1395 1403 1402 1400 1404 1398 1394 1389 1387 1383 1376 1366 1368 1363 1358 1346 1339 1338 1331 1326 1326 1321 1310 1302 1296 1288 1279 1273 1263 1262 1261 1259 1257 1260 1265 1273 1278 1285 1293 1297 1305 1312 1312 1318 1316 1318 1317 1319 1316 1318 1318 1316 1320 1320 1321 1322 1321 1321 1321 1316 1320 1316
1394 1389 1385 1387 1400 1408 1411 1410 1408 1413 1410 1409 1401 1398 1394 1389 1386 1384 1383 1377 1366 1356 1346 1342 1340 1331 1330 1327 1321 1310 1305 1299 1287 1283 1280 1275 1271 1268 1270 1270 1276 1280 1284 1294 1301 1305 1312 1313 1316 1321 1320 1322 1324 1322 1323 1321 1322 1323 1325 1324 1325 1323 1325 1327 1326 1317 1317 1312
1404 1402 1404 1410 1415 1417 1417 1416 1419 1420 1417 1418 1414 1405 1400 1399 1402 1397 1388 1384 1376 1367 1362 1350 1349 1345 1338 1332 1328 1321 1312 1303 1297 1296 1288 1286 1282 1283 1280 1281 1287 1290 1295 1302 1305 1311 1316 1319 1320 1323 1325 1326 1328 1328 1327 1327 1329 1329 1328 1328 1328 1328 1329 1330 1327 1321 1316 1318
1423 1425 1422 1427 1426 1424 1426 1425 1425 1426 1427 1425 1421 1414 1417 1417 1411 1404 1395 1388 1382 1375 1372 1363 1355 1353 1347 1342 1333 1327 1321 1314 1303 1302 1303 1298 1294 1291 1293 1293 1296 1299 1302 1309 1313 1317 1322 1322 1324 1329 1331 1329 1332 1332 1332 1331 1332 1331 1332 1332 1334 1334 1331 1333 1331 1326 1323 1323
1439 1438 1435 1436 1436 1432 1439 1435 1435 1442 1438 1429 1428 1430 1425 1421 1417 1411 1408 1402 1392 1385 1385 1372 1367 1356 1355 1347 1342 1336 1332 1324 1311 1308 1306 1308 1302 1302 1301 1302 1305 1307 1313 1316 1322 1325 1326 1330 1332 1334 1333 1336 1336 1335 1336 1336 1337 1336 1336 1337 1335 1337 1337 1335 1335 1325 1325 1327
1450 1450 1449 1450 1447 1447 1442 1439 1450 1450 1444 1437 1440 1431 1427 1427 1423 1418 1413 1412 1403 1395 1392 1382 1376 1367 1362 1354 1348 1340 1338 1327 1324 1318 1310 1309 1310 1309 1311 1315 1315 1315 1323 1327 1328 1332 1334 1334 1336 1336 1338 1340 1340 1341 1338 1340 1341 1340 1339 1340 1341 1340 1339 1342 1340 1329 1329 1329
1461 1461 1459 1459 1455 1453 1454 1454 1461 1457 1451 1449 1450 1450 1442 1440 1436 1436 1423 1414 1415 1403 1402 1396 1388 1377 1373 1362 1355 1349 1340 1341 1334 1329 1325 1319 1314 1319 1317 1322 1325 1323 1331 1335 1336 1338 1340 1338 1342 1343 1342 1343 1343 1342 1344 1343 1344 1345 1344 1345 1344 1346 1343 1343 1343 1333 1329 1330
1468 1465 1469 1467 1468 1465 1463 1470 1471 1466 1466 1463 1465 1463 1456 1452 1445 1440 1434 1420 1420 1417 1411 1400 1395 1384 1377 1371 1361 1357 1349 1344 1337 1332 1330 1326 1323 1326 1329 1330 1333 1336 1334 1340 1345 1344 1344 1345 1344 1346 1344 1345 1347 1346 1346 1347 1347 1348 1349 1349 1348 1350 1346 1348 1346 1336 1333 1331
1476 1478 1478 1472 1477 1476 1475 1482 1485 1477 1477 1473 1481 1474 1463 1460 1452 1446 1442 1436 1436 1431 1419 1405 1399 1393 1383 1377 1374 1363 1357 1351 1347 1341 1339 1334 1332 1332 1332 1336 1339 1339 1339 1350 1351 1350 1350 1348 1349 1349 1348 1347 1348 1347 1350 1351 1352 1352 1354 1353 1352 1351 1352 1352 1349 1340 1334 1334
1483 1484 1485 1485 1483 1483 1486 1490 1489 1493 1493 1495 1492 1482 1472 1467 1460 1452 1448 1446 1442 1441 1425 1415 1406 1399 1393 1387 1378 1372 1366 1358 1356 1354 1349 1345 1343 1338 1341 1338 1340 1341 1348 1351 1353 1352 1349 1349 1350 1349 1350 1348 1350 1351 1353 1351 1355 1355 1356 1356 1358 1355 1356 1355 1349 1344 1338 1337
1490 1492 1490 1489 1489 1489 1495 1502 1504 1506 1501 1499 1499 1491 1477 1469 1462 1462 1456 1457 1451 1447 1428 1420 1417 1406 1403 1395 1389 1381 1377 1371 1367 1360 1353 1352 1348 1344 1345 1344 1347 1345 1348 1351 1351 1351 1351 1351 1350 1349 1348 1350 1352 1354 1353 1354 1355 1358 1360 1360 1362 1361 1359 1355 1349 1343 1339 1338
1492 1493 1493 1492 1497 1502 1505 1510 1513 1519 1513 1506 1502 1494 1487 1482 1469 1463 1468 1463 1457 1448 1436 1430 1421 1414 1407 1402 1396 1390 1385 1380 1373 1368 1364 1358 1354 1353 1348 1350 1348 1348 1352 1350 1346 1348 1350 1346 1348 1348 1350 1350 1351 1352 1354 1355 1358 1359 1363 1364 1362 1363 1361 1356 1350 1344 1341 1335
1496 1495 1499 1503 1506 1509 1513 1514 1518 1521 1519 1511 1501 1496 1485 1480 1472 1465 1460 1457 1453 1449 1440 1433 1429 1423 1418 1411 1408 1401 1394 1386 1381 1373 1371 1365 1363 1359 1355 1355 1350 1350 1353 1353 1348 1343 1340 1339 1342 1343 1342 1346 1348 1351 1350 1354 1355 1356 1360 1365 1366 1363 1357 1356 1353 1343 1339 1337
