layers/bio18.asc
NCOLS 292 
NROWS 290 
XLLCORNER -87.625 
YLLCORNER 24.5 
CELLSIZE 0.0416666666666667 
NODATA_value -1.7e+308 
[rows 93 to 123 of 290, columns 70 to 139 of 292]
327 326 325 327 327 327 326 325 326 327 326 324 322 322 321 322 320 322 324 322 321 320 318 317 315 315 313 313 317 316 318 320 322 321 320 321 321 321 322 325 324 325 326 328 331 332 335 336 337 340 343 344 345 348 351 356 358 359 361 364 367 369 370 370 372 373 376 376 379 383
327 327 328 328 331 330 330 328 329 329 327 325 325 324 322 321 321 322 324 323 324 323 321 321 319 318 315 314 316 318 317 319 322 322 322 321 322 324 325 325 327 327 326 329 331 333 336 338 339 340 343 347 348 348 351 357 359 361 362 366 369 370 372 375 375 377 380 380 382 384
324 324 324 326 326 330 329 329 328 329 329 328 326 325 324 322 323 327 325 326 324 322 322 321 320 320 317 315 316 318 320 322 323 323 323 324 324 325 326 327 328 331 329 329 332 333 336 339 341 341 343 347 348 351 353 358 361 362 365 368 370 372 374 377 381 381 384 385 386 388
321 322 323 324 327 330 332 331 329 331 333 332 331 327 325 324 322 326 327 326 324 324 322 322 320 321 318 316 317 319 321 323 323 323 323 324 325 327 327 328 330 331 331 330 333 336 337 339 343 343 344 347 349 351 355 358 361 364 365 368 372 375 377 379 382 382 387 388 388 392
319 322 324 325 327 332 335 332 331 329 333 333 331 330 327 324 322 326 329 327 325 324 323 321 320 320 320 319 317 319 321 323 325 325 324 325 325 328 328 329 330 331 332 333 334 335 337 339 343 344 347 347 349 352 355 358 361 366 368 370 373 377 378 381 384 385 388 391 392 394
324 325 327 329 330 332 335 336 334 331 330 331 331 330 328 327 325 328 329 327 325 325 323 323 321 321 321 322 320 320 321 324 325 326 327 327 328 328 329 330 331 332 333 333 334 335 337 341 342 345 347 348 351 353 355 359 363 366 369 373 375 379 381 383 386 388 391 393 395 397
321 323 325 329 333 332 335 333 334 333 332 330 330 330 329 327 327 329 329 327 327 325 324 323 323 321 321 321 322 320 325 326 326 327 327 328 330 330 331 331 332 333 333 335 335 335 338 341 341 344 348 350 352 355 358 361 362 368 370 374 377 380 384 385 388 391 392 394 397 401
324 326 329 334 333 332 333 334 334 331 331 331 331 331 329 327 329 329 329 329 327 327 327 327 324 324 325 322 321 324 326 327 328 330 329 331 332 335 334 334 335 336 336 337 337 336 337 339 342 343 348 351 353 355 358 362 365 368 372 375 379 381 385 388 390 393 394 397 399 402
327 333 332 334 336 334 333 334 336 335 333 334 331 330 330 328 329 330 330 329 329 331 330 329 328 327 327 327 324 326 326 327 329 332 334 332 335 336 337 338 339 339 340 340 340 340 339 339 343 343 347 350 355 358 360 363 368 370 373 376 383 384 387 389 393 394 398 399 402 404
328 332 332 333 336 335 335 334 335 334 333 333 333 333 332 330 329 331 330 330 331 332 330 329 329 327 328 328 326 326 326 328 329 333 335 336 336 338 338 338 340 340 340 340 341 340 340 340 340 343 347 351 354 357 361 364 367 371 375 378 382 386 388 391 394 397 400 402 404 407
331 333 334 334 338 337 339 338 338 337 337 336 335 335 334 330 330 332 331 331 332 332 332 331 329 329 328 328 328 327 328 330 333 335 338 339 340 340 342 341 343 342 342 342 342 340 341 342 343 342 347 351 357 360 363 366 369 373 377 380 384 389 391 395 396 399 402 405 406 409
334 335 336 335 338 339 338 339 340 341 339 337 337 336 334 332 331 331 333 333 332 332 333 331 331 330 330 330 330 329 329 331 334 336 338 342 343 342 343 344 343 342 342 343 343 345 343 342 342 343 345 351 356 362 365 369 372 375 378 382 386 391 393 396 399 401 404 407 409 411
337 336 337 339 340 341 342 340 340 341 340 340 340 337 337 334 333 333 334 333 333 334 334 334 333 333 332 333 333 332 331 334 336 339 341 345 346 345 343 346 345 345 344 344 345 345 344 344 344 343 347 354 359 364 367 371 375 378 379 385 387 393 396 398 401 404 405 408 411 414
339 338 339 341 341 342 345 343 342 341 341 341 340 340 340 337 334 335 335 335 334 334 335 335 335 335 335 335 334 334 335 335 338 340 343 346 347 347 346 348 347 347 346 347 347 347 346 345 346 345 349 355 361 366 369 373 377 380 384 386 390 395 399 401 404 408 410 413 414 417
342 343 343 341 343 344 346 346 345 343 341 342 341 342 341 340 338 336 335 335 335 335 336 338 338 338 338 338 337 336 337 337 339 342 344 348 349 350 349 348 350 350 349 349 350 350 350 348 350 350 352 359 364 367 370 375 380 382 387 391 392 396 401 403 407 410 413 415 418 422
345 345 344 343 344 346 345 348 347 345 343 342 343 342 340 340 338 337 338 338 338 338 338 338 341 341 340 340 340 340 340 341 342 343 346 349 350 352 353 352 353 353 352 352 352 352 355 353 355 356 357 363 367 372 375 378 382 386 389 393 395 400 403 406 410 413 416 419 421 424
345 346 347 348 346 345 348 349 349 347 345 344 342 343 342 340 339 339 337 340 340 340 339 339 342 343 343 344 344 343 345 345 345 346 347 349 351 354 355 355 356 356 357 358 357 357 357 358 359 362 363 366 371 374 378 382 385 389 393 396 400 401 405 409 413 416 419 421 424 426
346 350 349 349 350 349 348 349 349 347 345 344 344 344 343 343 341 341 339 340 340 340 341 342 345 345 345 345 346 347 347 349 349 349 349 350 353 355 356 356 358 360 360 360 359 361 362 362 365 366 368 371 374 378 381 385 388 392 397 400 402 406 408 412 416 419 420 423 428 430
351 350 350 351 350 350 349 347 349 347 347 346 345 345 345 345 343 344 342 342 342 343 344 345 347 347 348 347 348 349 351 351 351 353 353 353 354 358 360 360 361 361 364 364 364 366 367 369 369 371 374 376 379 382 385 389 393 394 398 402 405 408 413 415 418 421 424 426 430 432
353 351 352 352 352 352 350 349 349 349 348 348 347 347 347 346 345 346 344 344 345 344 346 349 349 349 350 350 351 350 353 352 353 354 355 355 356 359 361 364 365 366 366 368 369 370 371 371 374 378 380 383 386 388 391 395 398 401 403 407 410 411 415 417 421 424 428 430 434 435
354 354 353 353 353 353 353 352 351 349 350 350 349 348 349 349 348 348 346 347 346 347 349 351 351 350 352 351 352 353 354 355 355 355 356 358 358 360 363 366 369 369 371 372 372 374 376 379 382 384 387 389 392 394 397 401 404 407 408 411 415 417 419 422 423 427 430 434 436 439
356 356 356 354 354 354 354 354 353 352 351 352 351 350 350 350 350 349 349 349 349 349 352 354 352 353 353 353 354 355 356 357 357 358 359 359 362 363 365 368 369 372 374 376 377 381 382 386 388 390 391 394 397 399 402 405 407 410 414 416 421 422 425 428 429 431 434 437 439 442
359 358 357 355 356 355 355 355 355 355 353 353 354 352 353 353 352 351 351 352 351 353 355 354 354 354 354 355 355 356 357 358 360 361 361 363 365 367 369 372 374 375 378 381 383 387 391 392 393 396 397 400 401 404 406 409 412 415 418 422 424 428 431 433 436 437 438 442 444 446
359 361 359 358 358 358 358 356 357 356 356 355 355 355 355 355 354 354 354 354 354 356 358 357 357 358 357 356 357 357 358 362 362 365 366 368 370 371 373 376 381 383 386 389 391 393 395 397 399 401 402 404 406 408 411 414 416 419 423 425 429 432 435 437 440 443 444 445 447 450
362 362 362 361 360 360 359 359 359 360 359 359 358 358 358 358 357 356 356 357 357 357 359 360 358 360 359 359 359 360 361 361 364 366 367 370 372 377 380 382 387 388 392 394 398 399 400 402 404 405 407 409 411 412 414 418 421 424 427 430 433 436 439 443 444 448 449 451 453 455
366 366 365 364 364 362 362 362 362 362 363 361 361 361 361 360 359 359 360 360 359 361 361 360 361 360 360 361 361 360 362 364 366 368 371 372 376 379 382 387 389 393 396 398 401 404 406 408 409 411 412 414 416 417 420 422 425 428 431 433 437 440 443 446 450 452 455 457 459 458
367 368 366 366 366 366 365 365 365 365 366 365 364 364 362 362 362 363 363 363 364 364 364 364 362 361 361 361 361 363 364 366 368 372 374 376 379 383 386 390 393 398 400 404 406 410 411 413 414 415 416 418 420 422 424 427 428 431 435 437 440 443 447 451 454 458 460 462 463 465
370 370 370 369 369 368 369 368 368 368 366 366 367 367 365 366 366 366 366 367 368 367 367 365 363 362 363 364 363 364 366 368 371 374 377 378 382 386 390 392 397 401 406 409 412 416 417 418 419 420 421 423 425 425 428 430 433 437 438 441 445 447 451 455 459 462 465 468 468 470
372 372 373 372 372 370 370 371 371 371 371 371 370 370 370 369 369 370 369 371 370 369 368 367 365 366 364 364 366 367 369 370 374 376 380 383 385 389 392 397 401 404 408 413 417 420 421 421 423 424 425 426 428 430 432 433 437 440 442 444 448 452 454 459 463 467 468 472 475 475
376 375 375 374 374 374 374 374 374 374 374 374 374 373 373 374 373 374 374 374 373 371 371 371 369 368 366 367 369 370 373 375 376 379 382 387 389 391 396 400 405 408 412 417 421 424 425 427 426 427 429 431 431 433 435 438 440 443 445 449 451 454 457 463 467 470 473 478 480 480
378 378 377 376 376 377 378 378 378 378 377 378 378 376 376 377 377 378 379 377 376 374 373 374 372 371 371 370 371 374 375 378 381 384 385 389 393 396 400 402 407 411 415 419 424 427 427 430 430 432 433 434 435 438 439 441 443 447 449 452 455 459 462 465 472 475 478 481 483 484
