layers/bio13.asc
NCOLS 292 
NROWS 290 
XLLCORNER -87.625 
YLLCORNER 24.5 
CELLSIZE 0.0416666666666667 
NODATA_value -1.7e+308 
[rows 62 to 92 of 290, columns 70 to 139 of 292]
150 151 150 150 150 150 150 150 151 152 152 153 153 153 152 152 152 152 151 151 149 149 148 146 145 144 144 143 141 140 139 138 137 137 137 136 135 134 134 134 134 133 132 131 130 130 129 129 128 128 127 127 127 127 125 125 125 126 126 125 125 125 124 125 124 124 124 125 125 125
151 149 149 149 148 148 148 149 150 151 151 151 151 151 150 150 150 151 149 148 148 147 146 145 143 143 143 142 141 139 138 137 136 136 136 136 134 134 134 134 133 133 132 131 130 129 129 130 128 127 127 126 125 126 125 125 125 126 125 124 124 124 125 124 124 123 124 124 125 125
150 148 148 148 147 147 147 148 148 149 149 150 150 149 149 149 149 149 149 147 146 146 145 144 143 142 141 141 140 139 138 136 136 135 135 135 134 134 134 133 132 131 130 129 130 129 130 129 128 127 127 125 126 124 124 124 124 125 125 124 124 124 124 123 122 123 123 124 124 125
149 148 148 148 147 147 147 147 147 147 148 149 149 149 148 148 149 148 147 147 145 144 144 144 143 142 140 140 139 139 138 137 135 134 134 134 134 134 132 132 131 131 130 130 130 129 129 129 128 127 126 126 125 125 124 124 124 124 124 124 123 123 122 122 122 123 123 123 124 125
149 148 148 148 146 146 146 145 145 146 147 147 148 147 147 146 147 146 146 145 145 144 143 143 142 141 140 139 138 137 137 137 135 133 133 133 134 134 132 132 131 131 130 131 130 130 129 128 127 126 126 126 125 124 124 124 124 123 123 123 123 122 122 122 123 123 123 123 124 125
150 148 148 146 146 146 145 145 145 146 146 145 146 146 145 144 145 145 144 144 144 143 142 142 142 141 140 139 138 137 137 136 134 133 133 133 134 134 133 132 131 130 131 131 130 130 128 128 127 126 127 126 125 125 124 124 124 123 123 123 122 122 123 123 123 122 123 123 124 125
149 148 146 145 145 145 145 144 144 144 144 144 144 145 145 143 144 144 142 142 143 142 141 141 141 140 139 138 138 137 135 135 135 133 133 134 133 133 132 131 131 131 130 130 129 128 128 128 128 127 126 127 126 125 124 124 124 124 123 122 122 122 122 123 122 122 122 123 124 124
148 147 146 145 145 144 144 142 142 142 142 143 143 143 144 144 143 142 142 141 142 141 140 141 141 139 139 138 137 136 135 134 134 133 132 132 132 132 133 132 131 130 130 129 129 128 128 128 127 127 126 126 126 125 124 123 123 123 123 122 122 122 122 121 121 122 122 124 124 124
147 146 146 145 145 144 143 142 142 142 143 142 142 142 142 143 143 142 141 141 141 141 140 141 140 139 138 137 136 135 135 134 133 133 132 132 133 133 133 132 131 130 129 129 129 128 127 128 127 127 126 126 125 124 124 124 125 124 124 123 122 122 121 121 121 121 122 123 123 123
148 147 146 146 145 144 143 142 143 142 142 143 142 143 142 142 142 142 141 140 140 140 140 140 139 139 138 137 137 136 136 135 133 133 132 132 132 132 133 132 131 131 130 129 129 129 128 128 127 127 127 126 125 125 126 126 125 124 123 122 121 121 121 121 120 122 123 122 123 122
148 148 147 146 145 144 143 143 142 142 142 142 141 142 141 141 141 141 141 140 140 139 140 140 139 138 138 137 137 136 136 134 134 133 132 132 133 132 132 133 132 131 131 130 130 130 130 129 128 128 127 127 126 126 126 125 124 123 123 122 122 121 121 120 121 122 123 121 122 121
149 148 147 146 145 144 143 143 143 143 142 141 141 141 141 140 141 140 140 139 140 139 139 139 139 138 137 137 136 136 136 135 134 133 132 132 132 131 132 132 132 131 130 130 131 131 130 129 130 129 128 128 127 126 126 126 124 124 123 122 122 122 121 121 120 121 121 120 120 122
149 148 147 147 145 145 144 143 143 143 143 142 142 142 141 141 140 140 140 139 139 139 139 139 138 138 137 136 136 135 135 134 133 132 132 132 131 132 132 132 132 132 131 130 130 131 131 131 130 130 129 128 128 127 127 126 124 124 123 122 123 123 122 121 120 118 119 119 121 121
149 148 147 147 146 145 145 144 144 144 144 143 142 142 142 142 141 140 139 139 139 139 139 139 138 137 137 136 136 135 135 135 134 133 132 132 131 131 131 131 131 131 131 130 130 130 131 130 131 130 129 128 127 127 126 125 125 124 123 122 123 122 121 120 119 118 118 119 121 120
149 148 147 146 146 145 145 144 144 144 144 143 143 143 142 141 141 140 140 139 139 139 139 139 138 137 137 136 135 134 134 134 134 133 132 131 130 130 131 130 130 130 130 130 130 129 130 130 130 130 129 128 127 126 125 125 124 124 123 123 122 121 121 120 118 118 117 117 119 119
149 149 147 146 146 146 145 144 144 144 143 142 143 142 142 141 141 140 140 139 139 138 139 139 137 136 136 136 135 134 133 134 134 133 132 132 131 130 129 129 129 129 130 130 129 128 129 129 129 128 129 128 126 125 124 124 123 123 123 122 122 120 119 119 118 117 117 117 117 119
149 149 149 147 146 146 145 144 144 144 144 143 142 142 141 142 142 141 140 140 138 138 138 138 138 137 136 135 134 134 133 133 132 132 131 131 130 129 129 129 129 130 130 129 129 129 128 128 128 127 127 127 127 125 124 123 122 122 121 121 121 120 120 119 118 117 117 117 118 119
149 149 149 148 147 146 145 145 145 145 145 144 143 143 142 141 141 141 140 140 138 137 137 138 138 137 136 135 134 133 132 132 132 131 130 129 129 129 130 129 129 129 129 129 128 128 127 128 128 127 126 126 125 125 124 123 122 121 120 121 120 119 119 118 118 118 118 119 119 120
150 149 148 148 147 146 146 146 146 146 145 144 143 143 142 141 141 141 140 139 138 137 138 137 137 136 135 135 135 133 132 131 131 130 129 129 129 130 130 129 129 128 128 128 128 127 127 126 127 126 125 124 125 124 123 123 122 121 120 119 119 118 117 118 118 119 120 121 121 121
151 150 149 148 148 147 147 147 147 146 145 144 144 143 142 142 141 141 140 139 137 136 137 137 136 136 135 134 134 132 131 130 130 129 129 129 128 129 130 129 128 128 127 128 128 127 126 125 126 125 124 124 124 123 122 121 121 120 119 118 117 118 119 119 120 121 121 122 122 123
151 151 150 148 148 148 147 147 147 146 145 145 144 143 143 142 141 140 139 139 137 136 136 136 135 135 134 133 132 132 131 130 130 129 129 128 128 129 128 129 128 127 127 127 127 127 126 125 124 124 124 123 123 122 121 120 120 119 119 118 119 119 120 121 121 122 123 124 124 125
151 150 150 149 148 148 148 148 147 147 145 144 144 143 142 142 141 140 139 138 137 136 135 135 135 134 134 133 132 132 131 131 130 129 128 127 127 128 127 128 128 126 126 126 126 126 125 125 124 123 123 122 121 120 120 120 119 119 119 120 120 121 122 122 123 123 124 124 125 126
151 151 150 150 149 149 148 147 147 146 145 144 144 144 143 142 141 140 140 138 136 135 134 134 134 134 134 133 132 132 131 130 128 128 128 127 127 127 126 127 127 125 125 125 125 125 125 124 124 123 122 121 120 119 119 119 118 119 120 121 122 122 123 123 124 125 125 125 125 126
151 151 151 150 149 149 148 149 148 147 145 144 144 144 143 141 140 139 139 138 136 135 134 133 133 133 132 132 132 131 130 130 129 128 127 127 126 126 125 125 126 125 124 124 125 125 124 124 123 122 121 120 119 119 118 118 119 120 121 122 122 123 123 124 125 125 126 126 127 127
152 152 151 150 149 149 151 149 149 146 145 145 144 143 142 141 140 138 137 137 135 134 133 132 132 132 131 131 131 130 129 129 129 128 127 126 126 125 124 124 125 124 124 125 124 125 124 123 122 121 120 120 119 118 118 119 120 121 123 124 124 124 124 125 125 126 127 127 127 128
152 151 151 151 151 150 150 148 147 146 145 144 143 142 141 140 139 137 136 134 135 134 133 131 131 131 130 130 131 130 129 128 127 127 127 126 125 125 124 123 124 123 124 124 124 124 124 123 122 121 120 120 119 119 120 120 121 122 124 125 125 125 125 125 125 126 127 128 128 129
153 152 152 152 150 149 148 147 146 146 144 143 141 141 140 138 137 136 135 133 132 133 132 131 129 129 129 129 129 129 128 128 127 126 126 125 126 125 124 123 123 123 123 123 124 124 123 122 121 121 120 119 118 119 120 121 122 124 125 126 126 127 126 126 126 126 127 128 129 130
155 152 151 150 150 148 146 145 145 144 142 141 140 139 138 137 135 134 133 133 131 131 130 130 129 128 127 128 128 128 127 127 127 126 126 125 125 124 124 124 122 122 122 123 123 122 122 122 121 120 119 119 120 120 121 122 123 124 126 127 127 127 127 127 127 126 127 129 130 130
151 150 150 150 148 147 145 143 142 142 140 139 137 137 136 136 134 133 132 131 130 130 129 129 127 127 125 126 126 127 126 125 125 125 125 125 124 124 124 123 122 121 122 123 122 122 121 121 121 120 119 119 121 122 122 123 124 126 126 127 128 128 127 127 127 128 128 130 131 131
151 150 149 148 147 145 144 142 140 139 138 137 137 135 134 133 133 133 132 130 129 128 128 126 126 125 125 125 126 126 126 125 124 124 124 124 123 123 123 124 123 121 121 122 121 121 121 120 120 119 119 120 121 123 124 125 126 126 127 128 128 129 129 129 129 128 129 130 131 132
148 147 147 146 145 144 144 141 139 138 136 135 134 133 133 133 131 131 130 129 127 126 126 126 126 125 124 124 125 125 125 125 124 124 124 124 123 123 122 122 121 121 121 121 121 121 120 119 119 119 120 121 122 123 125 126 127 128 128 129 130 130 130 130 130 130 130 131 132 133
