layers/bio14.asc
NCOLS 292 
NROWS 290 
XLLCORNER -87.625 
YLLCORNER 24.5 
CELLSIZE 0.0416666666666667 
NODATA_value -1.7e+308 
[rows 128 to 159 of 290, columns 0 to 71 of 292]
-1.7e+308 -1.7e+308 -1.7e+308 -1.7e+308 -1.7e+308 -1.7e+308 -1.7e+308 -1.7e+308 -1.7e+308 -1.7e+308 -1.7e+308 -1.7e+308 -1.7e+308 -1.7e+308 -1.7e+308 -1.7e+308 -1.7e+308 -1.7e+308 -1.7e+308 -1.7e+308 -1.7e+308 -1.7e+308 -1.7e+308 -1.7e+308 -1.7e+308 -1.7e+308 -1.7e+308 -1.7e+308 -1.7e+308 -1.7e+308 -1.7e+308 -1.7e+308 -1.7e+308 -1.7e+308 -1.7e+308 -1.7e+308 -1.7e+308 -1.7e+308 -1.7e+308 -1.7e+308 -1.7e+308 -1.7e+308 -1.7e+308 -1.7e+308 -1.7e+308 -1.7e+308 -1.7e+308 -1.7e+308 -1.7e+308 -1.7e+308 -1.7e+308 -1.7e+308 -1.7e+308 -1.7e+308 -1.7e+308 -1.7e+308 -1.7e+308 -1.7e+308 -1.7e+308 -1.7e+308 63 62 62 61 61 60 60 59 59 59 58 58
-1.7e+308 -1.7e+308 -1.7e+308 -1.7e+308 -1.7e+308 -1.7e+308 -1.7e+308 -1.7e+308 -1.7e+308 -1.7e+308 -1.7e+308 -1.7e+308 -1.7e+308 -1.7e+308 -1.7e+308 -1.7e+308 -1.7e+308 -1.7e+308 -1.7e+308 -1.7e+308 -1.7e+308 -1.7e+308 -1.7e+308 -1.7e+308 -1.7e+308 -1.7e+308 -1.7e+308 -1.7e+308 -1.7e+308 -1.7e+308 -1.7e+308 -1.7e+308 -1.7e+308 -1.7e+308 -1.7e+308 -1.7e+308 -1.7e+308 -1.7e+308 -1.7e+308 -1.7e+308 -1.7e+308 -1.7e+308 -1.7e+308 -1.7e+308 -1.7e+308 -1.7e+308 -1.7e+308 -1.7e+308 -1.7e+308 -1.7e+308 -1.7e+308 -1.7e+308 -1.7e+308 -1.7e+308 -1.7e+308 -1.7e+308 -1.7e+308 -1.7e+308 -1.7e+308 -1.7e+308 63 63 62 62 61 61 60 60 59 59 59 59
-1.7e+308 -1.7e+308 -1.7e+308 -1.7e+308 -1.7e+308 -1.7e+308 -1.7e+308 -1.7e+308 -1.7e+308 -1.7e+308 -1.7e+308 -1.7e+308 -1.7e+308 -1.7e+308 -1.7e+308 -1.7e+308 -1.7e+308 -1.7e+308 -1.7e+308 -1.7e+308 -1.7e+308 -1.7e+308 -1.7e+308 -1.7e+308 -1.7e+308 -1.7e+308 -1.7e+308 -1.7e+308 -1.7e+308 -1.7e+308 -1.7e+308 -1.7e+308 -1.7e+308 -1.7e+308 -1.7e+308 -1.7e+308 -1.7e+308 -1.7e+308 -1.7e+308 -1.7e+308 -1.7e+308 -1.7e+308 -1.7e+308 -1.7e+308 -1.7e+308 -1.7e+308 -1.7e+308 -1.7e+308 -1.7e+308 -1.7e+308 -1.7e+308 -1.7e+308 -1.7e+308 -1.7e+308 -1.7e+308 -1.7e+308 -1.7e+308 -1.7e+308 -1.7e+308 -1.7e+308 -1.7e+308 63 63 62 62 61 61 60 60 59 59 59
-1.7e+308 -1.7e+308 -1.7e+308 -1.7e+308 -1.7e+308 -1.7e+308 -1.7e+308 -1.7e+308 -1.7e+308 -1.7e+308 -1.7e+308 -1.7e+308 -1.7e+308 -1.7e+308 -1.7e+308 -1.7e+308 -1.7e+308 -1.7e+308 -1.7e+308 -1.7e+308 -1.7e+308 -1.7e+308 -1.7e+308 -1.7e+308 -1.7e+308 -1.7e+308 -1.7e+308 -1.7e+308 -1.7e+308 -1.7e+308 -1.7e+308 -1.7e+308 -1.7e+308 -1.7e+308 -1.7e+308 -1.7e+308 -1.7e+308 -1.7e+308 -1.7e+308 -1.7e+308 -1.7e+308 -1.7e+308 -1.7e+308 -1.7e+308 -1.7e+308 -1.7e+308 -1.7e+308 -1.7e+308 -1.7e+308 -1.7e+308 -1.7e+308 -1.7e+308 -1.7e+308 -1.7e+308 -1.7e+308 -1.7e+308 -1.7e+308 -1.7e+308 -1.7e+308 -1.7e+308 -1.7e+308 -1.7e+308 64 63 63 62 62 61 61 60 60 60
-1.7e+308 -1.7e+308 -1.7e+308 -1.7e+308 -1.7e+308 -1.7e+308 -1.7e+308 -1.7e+308 -1.7e+308 -1.7e+308 -1.7e+308 -1.7e+308 -1.7e+308 -1.7e+308 -1.7e+308 -1.7e+308 -1.7e+308 -1.7e+308 -1.7e+308 -1.7e+308 -1.7e+308 -1.7e+308 -1.7e+308 -1.7e+308 -1.7e+308 -1.7e+308 -1.7e+308 -1.7e+308 -1.7e+308 -1.7e+308 -1.7e+308 -1.7e+308 -1.7e+308 -1.7e+308 -1.7e+308 -1.7e+308 -1.7e+308 -1.7e+308 -1.7e+308 -1.7e+308 -1.7e+308 -1.7e+308 -1.7e+308 -1.7e+308 -1.7e+308 -1.7e+308 -1.7e+308 -1.7e+308 -1.7e+308 -1.7e+308 -1.7e+308 -1.7e+308 -1.7e+308 -1.7e+308 -1.7e+308 -1.7e+308 -1.7e+308 -1.7e+308 -1.7e+308 -1.7e+308 -1.7e+308 -1.7e+308 -1.7e+308 64 63 63 62 62 62 61 61 61
-1.7e+308 -1.7e+308 -1.7e+308 -1.7e+308 -1.7e+308 -1.7e+308 -1.7e+308 -1.7e+308 -1.7e+308 -1.7e+308 -1.7e+308 -1.7e+308 -1.7e+308 -1.7e+308 -1.7e+308 -1.7e+308 -1.7e+308 -1.7e+308 -1.7e+308 -1.7e+308 -1.7e+308 -1.7e+308 -1.7e+308 -1.7e+308 -1.7e+308 -1.7e+308 -1.7e+308 -1.7e+308 -1.7e+308 -1.7e+308 -1.7e+308 -1.7e+308 -1.7e+308 -1.7e+308 -1.7e+308 -1.7e+308 -1.7e+308 -1.7e+308 -1.7e+308 -1.7e+308 -1.7e+308 -1.7e+308 -1.7e+308 -1.7e+308 -1.7e+308 -1.7e+308 -1.7e+308 -1.7e+308 -1.7e+308 -1.7e+308 -1.7e+308 -1.7e+308 -1.7e+308 -1.7e+308 -1.7e+308 -1.7e+308 -1.7e+308 -1.7e+308 -1.7e+308 -1.7e+308 -1.7e+308 -1.7e+308 -1.7e+308 65 64 63 63 63 62 62 62 62
-1.7e+308 81 81 82 82 81 81 81 80 80 80 81 82 82 82 82 82 83 83 83 83 83 84 84 84 84 84 85 85 85 84 84 84 83 83 83 82 82 81 81 81 80 80 79 79 78 78 77 76 75 74 74 73 72 71 70 70 69 69 68 68 67 66 66 65 65 64 64 64 63 63 63
-1.7e+308 82 82 83 83 83 83 82 82 82 83 83 83 83 83 83 83 84 84 84 85 85 85 85 85 85 86 86 86 85 85 85 85 85 84 84 83 83 82 82 82 81 80 80 79 79 78 77 77 76 75 74 74 73 72 71 71 70 70 69 69 68 67 67 66 66 65 65 65 64 64 64
82 83 83 84 84 84 84 83 83 84 85 84 84 84 85 84 84 85 85 86 86 86 86 87 87 86 87 87 87 86 86 86 86 86 85 85 85 84 84 82 82 81 81 80 80 79 79 78 77 76 76 75 74 74 73 72 71 71 70 70 70 69 68 68 67 67 66 66 66 66 66 65
83 84 85 85 85 85 85 84 85 86 86 86 85 85 85 85 86 86 87 87 88 88 88 89 88 88 89 88 88 87 87 87 87 86 86 86 85 85 84 84 83 82 81 81 80 80 79 79 78 77 76 76 75 74 74 73 72 72 71 71 70 70 69 69 68 68 68 68 67 67 67 67
-1.7e+308 85 86 86 86 86 86 86 86 87 87 88 87 86 86 87 87 87 88 89 89 90 90 90 90 90 90 89 89 89 88 88 88 87 87 86 86 85 85 84 83 83 82 82 81 81 80 79 78 78 77 76 76 75 75 74 74 73 72 72 71 71 71 70 69 69 69 69 69 68 68 68
-1.7e+308 -1.7e+308 87 87 88 88 88 87 88 89 89 89 89 88 87 88 89 89 90 90 91 91 91 90 89 90 89 90 90 90 90 89 89 88 87 87 86 86 85 85 84 84 83 82 82 81 81 80 79 79 78 77 77 76 76 75 75 74 74 73 73 72 72 71 71 70 70 70 70 70 70 70
-1.7e+308 -1.7e+308 -1.7e+308 88 89 90 90 89 89 90 90 90 90 89 89 89 90 90 91 90 90 90 89 88 88 88 88 88 89 89 90 91 90 89 89 88 87 87 86 85 85 84 84 83 83 82 81 80 80 79 79 79 78 77 77 76 76 75 74 74 74 74 73 73 73 72 72 72 72 72 71 71
-1.7e+308 -1.7e+308 -1.7e+308 -1.7e+308 -1.7e+308 91 92 91 91 91 92 91 91 91 90 90 90 90 89 89 88 87 86 86 85 85 86 86 87 88 89 90 90 90 89 88 88 88 88 87 86 85 84 84 83 83 82 81 81 80 80 80 79 78 77 77 76 76 76 75 75 75 74 74 73 73 73 73 73 73 73 72
-1.7e+308 -1.7e+308 -1.7e+308 -1.7e+308 -1.7e+308 92 93 93 92 92 93 93 93 92 90 90 89 89 87 86 85 85 84 84 85 85 85 86 86 87 87 88 89 90 90 89 89 89 88 87 87 86 85 85 84 83 83 82 82 81 81 80 80 80 79 79 78 78 77 76 76 76 76 75 75 74 74 74 74 74 74 73
-1.7e+308 -1.7e+308 -1.7e+308 -1.7e+308 -1.7e+308 92 92 92 91 91 91 92 91 90 88 88 87 86 85 85 84 84 83 83 83 83 83 83 84 85 86 87 88 88 89 90 90 89 89 88 88 87 86 85 85 84 84 84 83 83 82 82 82 81 81 80 79 79 78 78 78 77 77 76 76 76 76 76 75 75 75 74
-1.7e+308 -1.7e+308 -1.7e+308 -1.7e+308 -1.7e+308 90 89 89 90 89 89 90 89 88 87 86 85 85 84 84 83 82 81 81 81 80 80 81 82 83 84 86 87 87 88 89 90 90 90 89 89 88 87 87 87 86 85 85 84 84 83 83 82 81 81 81 80 80 79 79 79 78 78 77 78 78 77 77 76 76 75 75
-1.7e+308 -1.7e+308 -1.7e+308 -1.7e+308 89 87 86 86 88 89 89 88 87 87 85 85 85 84 83 82 81 80 79 79 79 78 78 79 80 81 83 84 85 86 87 88 89 89 90 90 89 88 88 88 87 87 86 85 84 84 83 83 83 82 82 82 81 81 80 80 80 79 79 79 79 79 78 78 77 77 76 76
-1.7e+308 -1.7e+308 -1.7e+308 -1.7e+308 -1.7e+308 85 83 84 86 88 89 88 86 86 -1.7e+308 84 83 82 81 80 79 78 77 76 76 76 76 77 79 80 82 83 84 85 86 87 88 88 89 89 90 89 89 89 88 88 87 86 86 85 84 84 84 83 83 83 82 82 81 81 81 81 80 80 80 80 79 79 78 78 77 77
-1.7e+308 -1.7e+308 -1.7e+308 -1.7e+308 -1.7e+308 -1.7e+308 83 83 85 86 87 -1.7e+308 85 85 -1.7e+308 82 82 81 80 78 77 76 75 75 75 75 75 -1.7e+308 -1.7e+308 79 -1.7e+308 81 83 83 -1.7e+308 86 87 88 88 89 89 90 90 90 89 89 88 87 86 86 85 85 84 84 84 84 84 83 83 82 81 80 80 81 81 81 80 80 79 79 78 77
-1.7e+308 -1.7e+308 -1.7e+308 -1.7e+308 -1.7e+308 85 84 84 84 85 85 84 84 83 83 82 81 80 79 77 76 75 74 74 74 74 76 76 77 78 80 81 82 83 84 85 86 87 88 88 89 90 91 90 90 89 89 88 88 87 86 86 85 85 85 85 85 85 83 82 80 80 80 81 81 82 81 80 80 79 79 78
-1.7e+308 -1.7e+308 -1.7e+308 -1.7e+308 86 85 85 84 84 -1.7e+308 84 84 83 82 82 -1.7e+308 -1.7e+308 -1.7e+308 -1.7e+308 -1.7e+308 -1.7e+308 -1.7e+308 -1.7e+308 -1.7e+308 -1.7e+308 -1.7e+308 -1.7e+308 -1.7e+308 -1.7e+308 -1.7e+308 -1.7e+308 -1.7e+308 82 83 84 85 86 87 88 89 89 90 91 91 91 90 89 89 88 88 87 87 86 86 86 86 86 85 83 82 81 81 81 81 81 81 81 81 80 80 80 79
-1.7e+308 -1.7e+308 -1.7e+308 87 86 85 85 -1.7e+308 -1.7e+308 -1.7e+308 -1.7e+308 -1.7e+308 -1.7e+308 -1.7e+308 -1.7e+308 -1.7e+308 -1.7e+308 -1.7e+308 -1.7e+308 -1.7e+308 -1.7e+308 -1.7e+308 -1.7e+308 -1.7e+308 -1.7e+308 -1.7e+308 -1.7e+308 -1.7e+308 -1.7e+308 -1.7e+308 -1.7e+308 -1.7e+308 -1.7e+308 -1.7e+308 -1.7e+308 -1.7e+308 85 86 87 88 89 89 90 90 91 91 90 90 89 89 88 88 88 88 88 87 86 85 84 83 82 81 81 81 81 82 82 82 81 81 80 80
-1.7e+308 -1.7e+308 -1.7e+308 -1.7e+308 -1.7e+308 -1.7e+308 -1.7e+308 -1.7e+308 -1.7e+308 -1.7e+308 -1.7e+308 -1.7e+308 -1.7e+308 -1.7e+308 -1.7e+308 -1.7e+308 -1.7e+308 -1.7e+308 -1.7e+308 -1.7e+308 -1.7e+308 -1.7e+308 -1.7e+308 -1.7e+308 -1.7e+308 -1.7e+308 -1.7e+308 -1.7e+308 -1.7e+308 -1.7e+308 -1.7e+308 -1.7e+308 -1.7e+308 -1.7e+308 -1.7e+308 -1.7e+308 -1.7e+308 -1.7e+308 -1.7e+308 87 87 87 88 88 -1.7e+308 90 90 90 90 90 89 89 89 88 88 87 86 85 85 84 83 82 82 82 82 82 82 82 81 81 81 81
-1.7e+308 -1.7e+308 -1.7e+308 -1.7e+308 -1.7e+308 -1.7e+308 -1.7e+308 -1.7e+308 -1.7e+308 -1.7e+308 -1.7e+308 -1.7e+308 -1.7e+308 -1.7e+308 -1.7e+308 -1.7e+308 -1.7e+308 -1.7e+308 -1.7e+308 -1.7e+308 -1.7e+308 -1.7e+308 -1.7e+308 -1.7e+308 -1.7e+308 -1.7e+308 -1.7e+308 -1.7e+308 -1.7e+308 -1.7e+308 -1.7e+308 -1.7e+308 -1.7e+308 -1.7e+308 -1.7e+308 -1.7e+308 -1.7e+308 -1.7e+308 -1.7e+308 -1.7e+308 -1.7e+308 86 86 86 86 88 88 88 87 87 88 88 88 88 87 87 87 86 85 84 83 83 82 82 82 82 82 82 82 81 81 82
-1.7e+308 -1.7e+308 -1.7e+308 -1.7e+308 -1.7e+308 -1.7e+308 -1.7e+308 -1.7e+308 -1.7e+308 -1.7e+308 -1.7e+308 -1.7e+308 -1.7e+308 -1.7e+308 -1.7e+308 -1.7e+308 -1.7e+308 -1.7e+308 -1.7e+308 -1.7e+308 -1.7e+308 -1.7e+308 -1.7e+308 -1.7e+308 -1.7e+308 -1.7e+308 -1.7e+308 -1.7e+308 -1.7e+308 -1.7e+308 -1.7e+308 -1.7e+308 -1.7e+308 -1.7e+308 -1.7e+308 -1.7e+308 -1.7e+308 -1.7e+308 -1.7e+308 -1.7e+308 -1.7e+308 -1.7e+308 -1.7e+308 84 84 85 85 84 83 83 84 85 87 87 87 87 87 86 85 85 84 83 83 83 82 82 82 82 82 82 81 82
-1.7e+308 -1.7e+308 -1.7e+308 -1.7e+308 -1.7e+308 -1.7e+308 -1.7e+308 -1.7e+308 -1.7e+308 -1.7e+308 -1.7e+308 -1.7e+308 -1.7e+308 -1.7e+308 -1.7e+308 -1.7e+308 -1.7e+308 -1.7e+308 -1.7e+308 -1.7e+308 -1.7e+308 -1.7e+308 -1.7e+308 -1.7e+308 -1.7e+308 -1.7e+308 -1.7e+308 -1.7e+308 -1.7e+308 -1.7e+308 -1.7e+308 -1.7e+308 -1.7e+308 -1.7e+308 -1.7e+308 -1.7e+308 -1.7e+308 -1.7e+308 -1.7e+308 -1.7e+308 -1.7e+308 -1.7e+308 -1.7e+308 -1.7e+308 -1.7e+308 81 80 80 79 78 80 81 83 85 87 87 87 87 86 85 85 84 83 83 82 82 82 82 82 82 81 81
-1.7e+308 -1.7e+308 -1.7e+308 -1.7e+308 -1.7e+308 -1.7e+308 -1.7e+308 -1.7e+308 -1.7e+308 -1.7e+308 -1.7e+308 -1.7e+308 -1.7e+308 -1.7e+308 -1.7e+308 -1.7e+308 -1.7e+308 -1.7e+308 -1.7e+308 -1.7e+308 -1.7e+308 -1.7e+308 -1.7e+308 -1.7e+308 -1.7e+308 -1.7e+308 -1.7e+308 -1.7e+308 -1.7e+308 -1.7e+308 -1.7e+308 -1.7e+308 -1.7e+308 -1.7e+308 -1.7e+308 -1.7e+308 -1.7e+308 -1.7e+308 -1.7e+308 -1.7e+308 -1.7e+308 -1.7e+308 -1.7e+308 -1.7e+308 -1.7e+308 -1.7e+308 77 76 73 72 76 78 80 82 85 86 87 87 87 86 85 84 83 83 83 82 82 82 81 81 81 81
-1.7e+308 -1.7e+308 -1.7e+308 -1.7e+308 -1.7e+308 -1.7e+308 -1.7e+308 -1.7e+308 -1.7e+308 -1.7e+308 -1.7e+308 -1.7e+308 -1.7e+308 -1.7e+308 -1.7e+308 -1.7e+308 -1.7e+308 -1.7e+308 -1.7e+308 -1.7e+308 -1.7e+308 -1.7e+308 -1.7e+308 -1.7e+308 -1.7e+308 -1.7e+308 -1.7e+308 -1.7e+308 -1.7e+308 -1.7e+308 -1.7e+308 -1.7e+308 -1.7e+308 -1.7e+308 -1.7e+308 -1.7e+308 -1.7e+308 -1.7e+308 -1.7e+308 -1.7e+308 -1.7e+308 -1.7e+308 -1.7e+308 -1.7e+308 -1.7e+308 -1.7e+308 -1.7e+308 -1.7e+308 70 70 71 75 77 79 82 84 86 86 86 86 85 84 83 83 82 82 82 82 81 81 81 81
-1.7e+308 -1.7e+308 -1.7e+308 -1.7e+308 -1.7e+308 -1.7e+308 -1.7e+308 -1.7e+308 -1.7e+308 -1.7e+308 -1.7e+308 -1.7e+308 -1.7e+308 -1.7e+308 -1.7e+308 -1.7e+308 -1.7e+308 -1.7e+308 -1.7e+308 -1.7e+308 -1.7e+308 -1.7e+308 -1.7e+308 -1.7e+308 -1.7e+308 -1.7e+308 -1.7e+308 -1.7e+308 -1.7e+308 -1.7e+308 -1.7e+308 -1.7e+308 -1.7e+308 -1.7e+308 -1.7e+308 -1.7e+308 -1.7e+308 -1.7e+308 -1.7e+308 -1.7e+308 -1.7e+308 -1.7e+308 -1.7e+308 -1.7e+308 -1.7e+308 -1.7e+308 -1.7e+308 -1.7e+308 -1.7e+308 69 71 72 75 77 79 81 83 84 85 85 85 84 83 83 82 82 82 81 81 81 81 80
-1.7e+308 -1.7e+308 -1.7e+308 -1.7e+308 -1.7e+308 -1.7e+308 -1.7e+308 -1.7e+308 -1.7e+308 -1.7e+308 -1.7e+308 -1.7e+308 -1.7e+308 -1.7e+308 -1.7e+308 -1.7e+308 -1.7e+308 -1.7e+308 -1.7e+308 -1.7e+308 -1.7e+308 -1.7e+308 -1.7e+308 -1.7e+308 -1.7e+308 -1.7e+308 -1.7e+308 -1.7e+308 -1.7e+308 -1.7e+308 -1.7e+308 -1.7e+308 -1.7e+308 -1.7e+308 -1.7e+308 -1.7e+308 -1.7e+308 -1.7e+308 -1.7e+308 -1.7e+308 -1.7e+308 -1.7e+308 -1.7e+308 -1.7e+308 -1.7e+308 -1.7e+308 -1.7e+308 -1.7e+308 -1.7e+308 -1.7e+308 -1.7e+308 71 73 75 77 78 80 81 83 84 84 84 83 83 82 82 82 81 81 81 80 80
-1.7e+308 -1.7e+308 -1.7e+308 -1.7e+308 -1.7e+308 -1.7e+308 -1.7e+308 -1.7e+308 -1.7e+308 -1.7e+308 -1.7e+308 -1.7e+308 -1.7e+308 -1.7e+308 -1.7e+308 -1.7e+308 -1.7e+308 -1.7e+308 -1.7e+308 -1.7e+308 -1.7e+308 -1.7e+308 -1.7e+308 -1.7e+308 -1.7e+308 -1.7e+308 -1.7e+308 -1.7e+308 -1.7e+308 -1.7e+308 -1.7e+308 -1.7e+308 -1.7e+308 -1.7e+308 -1.7e+308 -1.7e+308 -1.7e+308 -1.7e+308 -1.7e+308 -1.7e+308 -1.7e+308 -1.7e+308 -1.7e+308 -1.7e+308 -1.7e+308 -1.7e+308 -1.7e+308 -1.7e+308 -1.7e+308 -1.7e+308 -1.7e+308 -1.7e+308 -1.7e+308 73 75 76 78 79 80 81 82 82 83 82 82 82 81 81 81 80 80 80
