layers/bio14.asc
NCOLS 292 
NROWS 290 
XLLCORNER -87.625 
YLLCORNER 24.5 
CELLSIZE 0.0416666666666667 
NODATA_value -1.7e+308 
[rows 64 to 95 of 290, columns 72 to 143 of 292]
81 82 82 82 83 84 84 85 86 87 87 87 87 87 88 89 89 89 88 89 89 88 88 87 87 87 86 86 85 83 83 83 82 83 83 82 82 81 80 79 78 78 79 78 79 79 78 77 77 77 78 76 77 77 76 77 76 75 75 75 75 73 73 73 73 73 73 74 73 73 73 73
81 81 81 81 81 82 83 83 84 86 86 86 86 87 88 87 88 88 87 87 87 88 87 86 86 85 85 84 84 83 82 81 81 81 82 82 80 79 79 78 78 78 79 77 78 79 78 78 77 77 78 77 76 76 76 76 75 75 74 74 73 73 73 73 73 73 73 74 74 74 73 73
80 80 79 80 80 80 81 82 83 84 85 85 85 85 86 86 86 86 86 86 85 86 86 85 84 84 83 82 83 82 81 79 79 79 81 80 79 79 78 78 78 78 78 78 78 78 78 77 77 78 77 76 76 76 75 74 75 74 73 73 73 72 73 73 73 73 73 73 73 73 72 72
79 78 78 79 79 79 80 81 82 82 83 83 83 83 84 84 84 84 85 84 84 84 85 84 83 83 82 81 81 80 79 78 78 78 80 79 79 78 78 77 78 78 78 78 78 77 77 77 78 77 77 77 76 76 75 74 73 73 73 72 73 73 72 72 72 72 73 73 72 72 71 71
77 77 77 77 78 78 79 79 80 81 81 82 83 82 83 83 82 82 83 83 82 83 83 82 82 81 81 80 79 79 78 77 77 78 78 77 77 77 77 77 76 77 77 77 77 78 78 77 77 77 77 76 76 75 74 74 73 73 72 72 72 72 71 71 71 72 73 72 71 72 71 70
76 76 76 76 76 76 77 78 78 79 80 80 81 82 81 81 81 81 81 81 81 81 82 81 80 80 79 78 78 77 77 76 76 76 76 76 76 76 76 76 76 76 76 76 76 77 77 77 76 76 76 75 75 74 73 73 73 72 72 71 71 70 70 70 71 72 71 71 71 70 70 69
76 76 76 75 75 76 76 77 78 79 78 79 79 80 80 80 79 79 80 80 80 81 80 80 79 78 77 77 76 75 75 75 74 75 75 75 76 75 75 75 74 75 75 75 75 77 76 76 75 75 75 74 74 74 74 74 73 72 71 71 70 69 69 70 70 71 70 70 71 70 70 70
76 76 76 75 75 75 77 77 78 78 78 79 78 79 79 79 78 78 79 78 79 79 79 78 78 77 77 77 76 75 74 74 73 73 74 74 74 74 74 74 74 74 75 75 75 75 75 75 76 75 75 75 75 75 75 74 72 71 70 70 70 70 68 70 71 69 69 69 69 70 69 68
77 76 75 75 75 76 76 77 77 77 77 78 78 77 78 78 78 77 77 77 78 78 77 77 77 76 76 75 75 74 73 73 72 72 73 73 73 73 74 73 74 74 75 75 76 76 76 76 75 75 75 75 75 74 73 72 72 71 70 70 69 68 68 69 70 68 68 67 68 69 69 68
76 76 76 75 75 76 77 77 77 76 77 77 77 76 76 77 77 76 77 76 77 77 76 76 75 75 74 74 74 73 73 72 72 72 72 71 72 72 72 73 73 73 75 75 75 76 76 76 75 75 75 74 75 74 73 72 72 71 70 71 69 68 67 68 68 66 67 68 68 69 68 68
76 76 75 76 76 76 77 77 77 77 77 76 76 76 76 75 75 75 76 75 76 76 75 75 74 74 73 72 73 72 71 71 71 71 70 71 71 71 72 72 72 73 73 75 75 76 76 76 75 75 75 75 74 74 72 73 72 71 71 71 69 68 68 65 66 66 67 68 67 67 68 67
76 76 76 75 76 76 76 77 77 77 76 76 76 76 76 75 74 74 75 75 75 75 74 74 73 72 72 72 72 72 71 71 70 70 69 70 70 70 71 72 72 72 72 73 75 75 76 76 75 75 74 74 74 73 73 72 71 71 71 70 69 67 66 65 64 65 67 66 66 66 67 66
75 75 75 75 76 75 76 76 76 76 76 76 76 75 75 74 74 73 73 74 74 74 74 73 73 72 71 71 71 71 71 70 69 69 69 69 69 69 69 70 71 71 71 72 73 74 74 75 75 74 73 73 73 72 72 72 71 71 70 69 68 67 65 64 64 64 66 65 66 66 66 65
75 75 75 75 75 75 75 76 76 75 76 75 75 74 74 74 73 73 73 73 73 73 72 72 71 72 71 70 70 70 70 70 70 70 69 68 68 68 68 69 70 70 70 71 72 73 73 74 74 74 73 72 72 72 71 71 71 70 70 68 67 66 65 64 63 63 64 65 66 66 66 65
76 75 74 75 75 75 75 75 75 75 74 74 73 74 74 73 73 73 72 72 72 72 72 72 71 70 70 70 69 69 69 69 68 68 67 67 67 67 68 69 69 69 69 70 70 71 72 72 73 74 73 72 72 71 70 70 70 70 70 69 68 67 66 65 64 63 63 64 64 65 64 64
75 75 74 74 74 74 75 75 76 75 74 73 73 72 73 72 72 72 71 71 71 72 72 71 70 70 69 69 69 68 68 68 67 67 67 67 67 67 68 68 68 68 69 69 69 70 71 71 71 72 72 72 71 71 70 70 69 69 69 68 67 67 66 66 65 64 63 63 63 64 64 64
74 75 74 74 74 74 75 75 75 74 73 73 72 72 72 71 71 70 70 70 71 71 71 70 70 70 70 69 68 67 68 67 66 67 67 67 68 67 67 67 67 68 68 68 69 69 70 70 70 70 72 72 71 71 70 69 69 68 68 67 67 66 65 65 65 65 64 63 63 63 64 64
74 74 74 74 74 74 75 74 74 73 73 72 71 71 71 70 71 70 69 69 70 70 70 70 70 69 69 68 67 67 67 66 66 66 66 67 67 67 66 66 66 67 67 67 67 67 68 69 69 70 71 71 70 70 69 69 68 68 67 67 66 66 66 65 65 65 64 64 63 63 63 64
74 73 73 74 74 74 74 74 73 72 72 71 71 70 69 69 69 69 69 69 69 69 69 69 69 68 67 67 67 66 67 66 66 66 65 66 66 67 66 65 65 66 66 67 67 66 66 68 69 69 70 70 70 69 69 69 69 68 68 67 66 66 65 65 65 65 64 64 64 63 62 63
74 74 73 73 73 73 73 73 72 71 71 70 70 70 69 68 68 68 68 68 68 68 68 68 68 67 67 67 67 67 66 66 66 65 65 66 65 66 65 64 64 65 65 66 66 66 66 66 68 68 69 69 69 69 68 68 68 68 67 67 67 66 66 65 65 65 64 64 63 63 63 62
73 73 73 73 72 72 72 72 71 70 71 71 70 69 69 68 68 68 68 68 67 67 67 67 68 67 67 67 67 66 65 65 65 64 64 65 64 64 64 63 64 64 64 65 65 66 66 66 66 67 67 68 68 68 68 68 68 67 67 67 66 66 66 65 65 64 64 64 64 64 63 63
73 72 72 72 72 72 72 71 70 70 70 70 69 68 68 67 68 67 67 66 66 66 66 67 66 66 67 66 66 65 65 65 64 64 63 63 63 63 64 63 62 63 63 64 64 65 65 65 66 66 66 67 68 68 67 67 67 67 66 66 66 65 65 65 65 65 64 64 63 63 63 63
73 72 72 71 73 72 72 70 69 69 69 69 68 68 67 67 66 66 66 66 66 65 66 66 65 66 65 65 65 64 65 64 64 63 63 62 62 62 62 62 62 63 63 63 64 64 64 64 65 66 66 67 67 67 67 67 67 67 66 66 65 65 65 65 65 64 64 64 63 63 62 63
72 72 72 72 71 70 69 68 68 68 68 67 67 67 66 66 65 65 65 65 65 64 64 64 64 64 65 65 64 64 63 63 63 63 62 62 61 61 62 61 62 62 63 63 63 63 64 64 64 65 65 66 67 67 67 67 67 67 66 66 65 65 64 65 65 64 64 63 63 63 63 62
72 72 70 70 69 69 68 68 67 67 66 66 66 65 65 65 64 64 63 64 64 64 63 63 62 63 64 63 63 63 62 62 62 62 62 62 61 60 61 61 61 62 62 63 63 63 63 64 64 64 65 65 66 66 66 67 67 67 66 66 65 65 64 64 64 64 64 64 63 63 62 62
71 70 70 68 67 67 66 66 65 65 65 65 65 64 64 63 63 63 63 62 63 62 62 62 61 62 63 62 62 62 62 62 62 61 61 61 61 61 60 60 61 61 62 62 62 63 62 63 63 64 64 64 64 65 65 66 67 67 66 65 65 65 64 63 63 64 64 63 63 63 62 62
69 69 68 67 66 65 64 64 63 64 63 63 63 64 63 63 62 62 62 62 61 61 61 61 60 61 61 62 61 61 61 61 61 61 61 61 60 60 60 60 60 61 61 61 61 62 62 62 62 63 63 64 64 64 65 65 66 66 66 65 65 64 64 63 63 64 64 63 64 63 62 62
67 67 66 65 65 64 63 63 63 63 63 62 62 62 62 62 62 61 61 60 60 60 59 59 59 60 61 61 61 60 60 60 60 60 59 60 60 60 60 59 60 60 60 61 61 61 61 62 62 62 62 63 64 64 64 65 65 66 66 65 65 65 64 63 63 63 63 63 64 63 63 62
65 65 65 64 64 63 62 62 61 61 61 61 61 62 61 61 61 60 60 59 59 59 59 59 58 59 60 60 60 60 60 60 59 59 59 59 59 59 59 59 60 60 60 60 60 60 60 61 61 61 61 62 63 64 64 64 65 65 66 66 65 65 64 63 63 63 63 63 63 63 63 63
64 64 64 64 63 62 63 62 62 61 60 60 60 60 59 60 60 60 60 59 59 58 58 58 58 58 59 59 59 60 60 60 60 60 59 59 59 59 59 59 59 59 60 60 60 60 60 60 61 61 61 61 61 62 63 63 64 65 66 66 66 65 64 64 63 62 62 63 63 63 62 62
63 63 64 63 63 62 62 62 61 60 60 60 59 58 58 59 59 59 59 59 59 59 58 58 57 57 58 58 58 59 60 59 59 59 59 59 59 59 59 59 58 59 59 59 60 60 60 60 60 61 61 60 61 61 62 62 63 64 65 65 65 65 65 64 64 63 63 62 62 62 62 62
60 61 61 62 62 61 61 60 60 60 59 58 58 57 58 59 59 58 58 58 58 58 58 58 57 57 57 58 58 59 59 59 58 58 58 59 59 59 59 59 59 58 59 59 59 60 60 59 59 60 60 60 60 60 61 61 62 63 64 65 65 65 65 64 64 63 63 62 62 62 62 62
