layers/bio10.asc
NCOLS 292 
NROWS 290 
XLLCORNER -87.625 
YLLCORNER 24.5 
CELLSIZE 0.0416666666666667 
NODATA_value -1.7e+308 
[rows 0 to 30 of 290, columns 140 to 209 of 292]
-1.7e+308 -1.7e+308 179 178 185 189 192 194 195 197 199 198 198 199 201 202 201 200 202 201 201 -1.7e+308 -1.7e+308 -1.7e+308 -1.7e+308 -1.7e+308 -1.7e+308 -1.7e+308 -1.7e+308 -1.7e+308 -1.7e+308 -1.7e+308 -1.7e+308 -1.7e+308 -1.7e+308 -1.7e+308 -1.7e+308 -1.7e+308 -1.7e+308 -1.7e+308 -1.7e+308 -1.7e+308 -1.7e+308 -1.7e+308 -1.7e+308 -1.7e+308 -1.7e+308 -1.7e+308 -1.7e+308 -1.7e+308 -1.7e+308 -1.7e+308 -1.7e+308 -1.7e+308 -1.7e+308 -1.7e+308 -1.7e+308 -1.7e+308 -1.7e+308 -1.7e+308 -1.7e+308 -1.7e+308 -1.7e+308 -1.7e+308 -1.7e+308 -1.7e+308 -1.7e+308 -1.7e+308 -1.7e+308 -1.7e+308
-1.7e+308 -1.7e+308 188 184 187 191 195 193 195 197 198 197 194 198 197 194 196 199 202 200 200 219 222 221 224 225 227 228 229 227 222 223 227 228 229 231 231 230 230 230 231 232 233 234 233 233 235 236 237 237 239 240 240 239 241 240 241 243 244 244 244 243 242 241 241 241 241 242 241 240
-1.7e+308 -1.7e+308 189 190 189 193 196 192 196 194 196 197 194 190 189 193 197 199 201 200 208 218 222 224 226 227 227 230 230 228 225 228 228 230 231 231 232 230 231 232 231 232 233 235 235 235 237 239 239 239 239 239 239 241 241 241 243 243 243 243 243 243 242 242 242 241 241 241 240 240
-1.7e+308 -1.7e+308 189 193 190 187 192 189 193 195 197 195 194 191 188 190 194 197 199 203 217 221 224 226 227 228 229 228 230 230 229 230 229 230 231 233 233 233 232 234 233 234 236 236 237 237 238 240 238 238 238 238 240 241 242 242 242 243 242 243 243 243 243 242 242 240 240 240 239 240
-1.7e+308 -1.7e+308 191 182 185 181 189 191 193 196 192 193 194 192 201 210 212 216 206 203 219 223 226 226 227 228 230 228 229 232 232 232 230 230 229 229 225 231 235 236 236 236 239 240 240 240 239 239 238 237 239 239 240 241 242 241 242 242 243 243 242 242 242 241 241 240 238 238 238 239
-1.7e+308 -1.7e+308 181 176 185 183 189 190 195 195 197 200 202 207 214 218 222 223 222 222 225 226 227 228 228 230 231 230 231 233 233 230 232 231 232 233 233 233 235 237 238 239 240 239 239 239 239 239 239 238 239 239 241 242 241 241 242 242 242 243 242 242 241 241 241 240 239 239 239 239
191 180 178 182 191 191 194 194 195 194 201 214 216 218 217 221 225 226 226 224 226 227 228 230 231 231 232 232 232 234 234 234 235 235 234 235 236 236 238 239 240 240 239 238 239 239 238 238 239 240 240 240 241 242 241 241 241 241 242 243 242 242 241 241 240 240 239 239 240 240
198 183 183 190 193 194 194 192 194 200 209 221 222 217 224 225 227 228 227 227 228 230 231 232 233 233 234 235 235 235 236 236 237 235 234 236 239 240 241 241 240 240 239 239 239 239 239 240 240 240 241 241 241 241 241 241 242 242 242 241 241 241 241 241 240 240 240 240 241 240
198 189 186 193 191 198 195 197 209 211 219 218 225 227 227 228 227 229 230 230 231 232 232 232 232 233 233 234 233 234 236 236 238 237 237 238 239 240 241 241 240 241 240 239 240 240 241 241 241 241 241 241 241 242 242 243 243 243 243 241 241 241 240 240 239 240 240 240 241 241
195 191 187 191 192 208 213 211 213 221 222 227 227 227 229 229 231 232 232 232 232 231 229 231 231 233 235 234 235 236 237 237 239 238 240 240 241 240 240 240 241 242 240 240 240 241 241 241 242 242 242 242 243 243 243 243 243 244 243 242 242 241 240 240 240 240 240 240 241 241
190 189 186 189 193 203 216 222 221 223 228 230 229 230 232 232 230 229 227 227 228 230 232 232 234 235 235 237 237 238 239 240 240 240 241 242 241 242 241 241 242 241 241 242 242 242 242 241 242 242 242 243 243 243 244 244 244 244 243 243 242 241 241 241 240 241 241 241 242 243
187 202 209 200 211 215 223 220 224 227 231 231 232 230 231 227 224 226 227 227 229 231 232 233 234 236 237 238 239 240 240 241 240 241 242 242 242 243 244 243 242 241 242 242 242 242 242 242 242 243 243 243 243 243 243 244 244 245 244 243 242 241 241 241 240 241 241 240 241 243
207 218 222 219 217 216 221 224 232 231 230 228 232 228 226 220 218 221 226 231 232 233 233 234 236 235 236 238 238 240 241 242 242 242 243 244 244 244 244 244 243 243 243 243 243 242 243 243 243 243 244 243 244 244 244 244 245 245 245 243 242 241 241 241 241 240 241 242 243 244
215 216 224 227 222 223 231 230 230 231 230 225 223 225 224 226 228 229 229 232 232 233 234 235 237 237 238 239 240 241 242 242 243 243 244 245 245 245 245 244 244 244 244 244 244 244 243 243 243 244 244 244 244 244 244 245 245 245 244 243 242 241 240 240 241 241 242 242 243 244
220 216 229 230 228 231 230 228 232 228 225 225 231 232 232 230 232 232 231 231 233 235 236 236 237 239 238 239 240 242 242 242 244 244 245 246 245 245 245 245 245 246 245 245 246 245 244 244 243 243 244 244 243 244 244 244 244 244 244 243 242 242 241 241 241 242 243 245 244 245
217 225 233 233 232 234 236 235 228 228 229 232 233 235 234 233 234 234 234 235 236 236 237 238 238 238 240 240 240 242 243 244 244 245 246 246 245 245 246 247 247 246 245 245 246 246 245 244 243 243 244 243 243 244 243 243 241 242 244 244 243 242 242 242 242 243 245 246 246 246
224 233 234 234 235 238 235 231 233 235 233 235 231 235 235 235 234 236 236 237 238 238 238 239 240 240 240 241 241 242 243 244 245 245 246 246 246 246 247 247 246 246 246 246 246 245 245 245 244 243 243 243 243 243 242 242 243 243 243 243 243 243 243 243 244 244 246 247 246 247
234 236 235 236 238 235 236 236 236 236 237 237 236 236 238 237 236 236 237 237 237 237 238 238 240 240 241 242 243 243 244 246 245 246 246 246 247 248 248 247 247 245 246 247 246 245 245 245 244 243 243 244 243 242 242 242 242 242 243 243 244 244 244 242 243 243 246 247 247 247
235 236 237 237 237 237 237 238 238 239 240 239 239 239 239 239 239 238 238 238 238 238 239 239 239 240 241 242 243 244 244 245 245 245 246 247 248 248 247 246 246 247 248 249 247 247 246 245 245 244 244 244 242 242 242 242 241 241 242 243 243 244 244 243 244 245 247 248 247 247
235 237 237 238 237 238 238 239 240 240 240 239 239 239 239 239 240 239 239 238 239 239 239 240 241 241 242 243 243 244 245 245 245 246 247 248 248 248 247 246 247 248 249 249 248 247 247 246 246 245 245 245 243 242 241 241 241 241 241 242 243 243 244 245 244 245 248 247 247 247
236 238 237 236 232 235 234 237 240 240 240 239 240 241 241 241 241 241 241 240 240 240 241 241 242 242 243 243 244 244 244 245 246 246 247 248 248 247 247 246 247 247 248 249 249 248 247 245 245 246 246 246 244 242 241 240 241 242 241 242 243 244 244 244 246 246 248 248 248 247
236 236 235 233 233 235 236 238 239 241 241 242 242 241 240 242 241 241 241 242 241 241 240 241 242 242 243 244 244 243 245 246 246 247 247 248 248 247 247 247 247 247 249 250 250 249 246 245 245 245 246 246 244 243 242 240 241 242 243 244 245 245 245 245 246 248 248 248 248 248
233 226 226 231 233 236 237 238 239 240 242 243 242 242 241 241 240 241 241 242 243 242 242 242 242 243 243 244 244 244 245 245 246 247 247 248 248 247 247 248 247 248 249 250 249 247 245 245 246 246 245 246 245 244 243 242 242 243 243 244 245 246 245 246 247 248 248 248 249 248
219 215 216 221 232 236 238 239 239 240 242 243 243 243 243 241 241 242 243 243 244 244 243 242 243 244 244 244 244 245 244 245 245 246 247 248 248 248 248 248 247 248 249 250 248 245 246 245 245 246 246 247 246 245 244 244 244 245 245 245 246 247 247 247 249 250 249 249 249 248
229 227 224 223 234 236 237 238 240 240 242 244 244 244 242 242 241 243 244 245 244 244 244 243 244 245 243 244 245 245 245 245 245 246 247 247 247 248 247 247 246 246 248 250 247 245 246 246 246 247 247 246 247 246 245 245 245 246 247 248 248 248 248 248 249 249 250 249 248 247
236 237 238 238 239 239 240 240 241 242 243 244 244 244 242 243 243 244 244 245 245 246 245 245 245 246 245 246 246 246 246 245 246 246 246 246 247 248 248 247 247 246 248 249 246 246 246 246 246 247 248 248 247 247 247 246 246 247 248 248 248 248 248 248 249 249 249 249 248 248
236 238 240 240 240 241 241 241 241 242 243 244 245 244 243 245 245 245 246 246 247 246 246 247 246 247 247 247 247 247 247 246 246 246 246 247 247 247 247 248 248 248 250 249 247 246 247 247 247 248 247 248 247 248 248 248 248 248 249 248 248 247 248 247 247 247 248 249 250 249
231 237 240 241 242 242 242 242 242 243 244 244 245 245 244 245 246 247 247 247 247 247 247 248 248 248 248 248 248 249 248 247 247 248 247 247 247 247 246 247 248 248 250 248 245 247 248 248 247 247 248 248 248 248 247 248 249 249 249 248 248 247 247 247 248 248 247 248 249 249
238 239 240 241 241 243 242 242 242 243 244 244 245 246 247 246 246 248 248 248 248 248 247 248 248 249 249 249 249 249 248 248 248 248 248 247 248 248 247 247 248 249 250 247 247 248 249 248 247 248 248 248 248 247 247 249 249 249 248 248 247 247 248 249 249 250 249 249 250 250
240 242 242 242 242 243 243 243 243 243 243 243 244 245 247 247 247 248 249 249 249 249 248 248 248 249 250 250 249 249 249 248 249 247 249 248 247 248 248 248 249 251 248 247 248 248 249 249 248 248 248 248 247 248 249 249 249 247 247 248 248 248 249 250 249 250 250 251 251 251
242 242 243 243 243 244 243 243 244 244 243 244 245 246 247 248 248 249 250 250 250 249 248 248 249 249 249 250 250 249 249 249 248 248 248 249 249 249 248 249 250 250 248 248 249 250 250 249 247 247 247 247 248 249 249 248 248 247 248 249 250 249 249 249 250 250 249 249 250 251
