layers/bio11.asc
NCOLS 292 
NROWS 290 
XLLCORNER -87.625 
YLLCORNER 24.5 
CELLSIZE 0.0416666666666667 
NODATA_value -1.7e+308 
[rows 124 to 154 of 290, columns 70 to 139 of 292]
105 106 106 107 107 106 106 106 107 106 106 106 106 106 106 105 105 104 104 104 104 104 104 104 104 105 104 104 104 104 104 104 104 104 104 104 104 103 103 103 103 103 102 103 103 103 103 104 105 106 106 107 108 107 108 109 110 109 109 110 110 111 111 111 111 111 112 112 112 112
106 107 107 107 107 107 107 107 107 108 107 107 107 107 107 106 106 105 105 105 104 105 105 105 105 106 105 106 106 105 105 105 105 105 105 105 105 105 105 104 104 104 104 104 104 104 104 105 105 106 107 108 108 108 109 109 110 110 110 111 110 111 111 111 111 112 112 111 112 112
107 107 107 108 108 108 107 108 108 108 109 108 107 107 107 106 106 106 105 105 105 106 105 106 106 106 106 106 107 106 106 106 106 106 106 105 105 105 105 105 105 105 105 104 105 105 105 106 107 107 107 108 109 109 110 110 111 110 111 111 111 111 112 112 112 113 113 112 113 113
108 108 108 108 108 108 108 108 108 109 109 109 108 108 107 106 106 107 107 106 106 106 106 107 106 107 107 107 107 107 107 107 107 107 107 107 106 106 106 106 106 105 106 105 105 106 106 107 107 107 108 109 109 110 111 111 111 111 111 111 112 112 112 112 113 113 113 113 113 113
108 108 108 109 109 109 109 108 109 109 109 109 109 109 107 107 107 107 107 107 107 107 107 107 108 108 108 108 108 107 108 108 108 108 108 107 107 107 107 107 106 106 106 106 106 106 107 107 107 108 108 109 109 110 111 112 111 112 112 112 112 112 112 113 114 114 114 113 114 114
109 109 109 109 110 110 109 110 109 109 109 110 110 109 108 108 107 108 108 108 108 108 109 108 108 108 109 109 109 108 108 109 109 109 109 109 108 108 108 108 108 107 107 107 107 107 107 107 108 108 109 109 110 110 111 112 111 112 112 113 113 112 113 113 114 114 114 114 115 115
110 110 110 110 110 110 110 110 110 109 109 110 109 108 108 108 109 109 108 109 108 109 109 109 109 109 109 110 110 109 109 110 110 110 110 110 109 109 109 109 108 108 108 107 108 108 107 108 108 109 110 111 111 111 112 112 112 113 113 113 113 113 114 114 115 115 115 115 115 115
110 110 110 110 110 111 111 110 111 110 110 109 109 108 109 109 110 110 110 110 110 110 109 110 110 110 111 110 110 111 110 111 111 111 111 111 110 110 110 110 109 109 109 108 108 107 108 109 109 110 110 111 112 112 112 112 113 113 113 113 114 114 114 115 115 115 116 116 116 116
111 111 110 111 111 111 111 111 111 111 110 109 109 109 109 109 110 110 111 111 110 110 110 111 110 111 111 112 111 111 111 111 112 112 112 112 112 111 111 111 110 109 109 109 108 109 109 109 110 110 110 111 111 112 112 113 114 114 114 114 115 115 115 115 116 116 116 117 117 117
111 110 110 111 110 111 111 111 111 110 109 109 109 110 110 110 111 111 111 111 111 111 111 112 111 111 111 112 111 112 112 112 112 113 113 113 112 112 112 111 111 110 109 110 109 109 109 109 110 110 111 111 112 113 113 114 114 114 115 115 115 115 116 116 117 116 117 117 118 118
110 110 110 111 111 111 111 112 111 109 109 109 110 111 111 111 112 111 112 112 112 111 111 111 112 112 112 112 112 112 113 112 113 113 114 113 113 113 113 112 112 111 111 110 110 110 110 110 110 111 112 113 113 113 114 114 114 115 115 116 116 116 116 117 117 117 118 118 118 118
111 111 111 111 112 112 111 111 110 110 110 110 110 111 111 111 112 112 112 112 112 112 112 112 112 113 113 112 112 113 113 114 113 114 114 114 114 113 113 112 112 112 111 111 111 111 110 111 111 112 113 113 113 114 114 115 115 115 116 116 117 117 117 117 118 118 119 119 119 119
111 111 111 112 112 111 110 110 110 110 111 110 111 111 111 112 112 112 112 112 112 112 112 112 112 112 113 113 113 113 113 114 114 114 114 114 114 114 113 113 113 112 112 112 112 111 111 112 112 113 113 114 114 114 115 115 115 116 116 117 117 118 118 118 119 119 120 120 120 120
111 111 111 111 111 110 110 110 110 111 111 111 111 111 112 112 112 112 112 113 113 113 113 113 113 112 113 113 113 113 114 114 114 115 114 114 114 114 114 114 114 112 113 112 112 112 112 113 113 113 114 114 114 115 115 116 116 116 117 117 118 118 119 119 119 119 120 120 120 120
112 111 110 110 110 110 111 110 111 111 111 111 111 112 112 112 112 112 113 113 113 113 113 113 113 113 113 113 113 114 114 114 114 114 114 114 114 115 114 114 114 114 113 113 113 113 113 113 114 114 114 115 115 115 116 116 117 117 117 118 118 119 119 120 120 120 120 121 121 121
111 110 110 110 110 111 111 111 111 111 111 112 112 112 112 112 112 112 113 113 113 114 113 113 113 114 114 114 114 114 114 114 115 114 114 115 115 115 115 114 115 113 113 114 113 114 114 114 114 114 115 115 115 116 117 117 118 118 118 119 119 119 120 120 121 121 121 122 121 121
110 110 110 111 110 111 111 112 111 112 112 113 112 112 112 112 112 113 113 113 113 113 114 113 114 114 114 114 115 114 115 114 114 115 115 115 115 115 115 115 115 114 115 114 114 115 115 115 115 115 115 116 116 117 117 117 118 119 119 119 120 120 120 121 121 121 121 122 122 122
110 110 111 111 111 112 112 111 112 113 112 112 113 113 112 112 112 112 113 113 113 114 114 114 114 114 114 115 114 115 115 116 115 115 115 115 116 115 116 116 115 115 115 114 115 115 115 115 115 116 116 116 117 117 117 118 118 119 119 120 120 120 120 122 122 122 121 122 123 123
111 111 111 111 112 112 112 112 113 113 113 114 113 113 113 113 113 112 113 113 113 114 114 114 114 114 115 115 115 115 115 116 116 116 117 116 115 116 115 116 115 115 116 115 115 116 116 116 117 117 117 117 117 117 117 118 118 119 119 120 120 121 120 122 122 122 122 123 123 123
111 111 112 112 113 113 112 113 114 114 114 113 113 113 113 112 113 113 113 113 113 113 114 115 114 115 115 116 115 115 115 116 116 117 117 116 117 116 116 116 116 116 115 116 116 116 117 117 117 117 117 117 117 118 118 118 119 119 120 120 121 121 121 122 122 122 122 123 123 123
112 112 112 113 114 113 113 114 114 114 113 113 113 113 113 113 113 114 114 113 113 114 114 115 115 116 116 116 116 116 116 116 117 117 117 117 117 116 117 117 117 116 116 116 117 117 117 117 117 117 117 118 118 118 119 119 119 120 120 120 121 121 121 122 123 123 123 123 124 124
112 113 113 113 114 113 114 115 115 115 114 114 114 113 114 114 113 114 112 112 113 114 115 116 115 116 116 117 116 117 116 117 117 117 117 118 117 117 117 118 117 117 117 117 117 117 117 118 118 118 118 118 119 119 119 120 120 120 120 120 120 121 121 123 123 123 123 123 124 125
114 114 114 114 115 115 114 115 115 114 114 114 114 114 114 114 114 113 113 113 114 115 115 116 117 116 117 117 117 117 117 117 117 118 118 118 119 118 118 118 118 118 118 117 118 118 118 118 118 119 119 120 120 120 120 120 120 120 121 120 120 121 121 123 123 123 123 124 125 125
114 115 115 115 115 115 115 115 116 116 115 115 115 116 115 114 114 113 114 113 115 115 116 116 116 117 117 118 117 117 117 118 118 118 118 119 119 119 119 119 119 119 118 119 119 119 119 119 119 119 119 120 120 120 120 120 120 120 121 121 121 122 122 123 123 124 124 125 125 126
116 116 116 115 116 116 115 116 117 117 116 116 116 115 116 116 114 114 114 115 116 116 116 117 118 117 118 118 118 118 118 118 118 119 119 119 120 120 119 119 120 120 120 120 120 120 120 120 120 120 120 121 121 121 121 120 120 120 120 121 121 122 123 123 124 124 125 125 126 127
116 116 116 116 116 116 116 116 117 118 117 117 117 117 117 116 117 116 116 116 117 117 117 117 118 118 118 118 118 118 119 119 119 119 119 120 120 120 120 120 121 120 121 121 122 122 122 122 122 121 122 121 121 122 121 121 120 120 120 121 121 122 122 124 124 125 125 126 126 127
117 117 117 116 117 117 117 117 118 118 118 118 118 118 118 117 118 117 118 118 118 118 118 118 118 119 119 119 119 119 119 119 119 120 120 120 121 120 121 122 121 121 121 122 122 122 122 122 122 122 122 122 122 122 122 121 121 120 120 121 121 122 122 123 124 125 126 127 127 128
117 117 118 117 117 118 118 118 118 118 119 118 118 118 118 118 118 118 119 119 119 119 119 119 119 119 119 120 120 120 120 120 120 120 121 120 120 121 122 122 122 122 122 122 122 122 122 123 123 122 122 122 122 123 122 122 121 121 121 121 122 122 122 123 125 126 126 127 128 129
118 118 118 118 118 118 118 119 119 119 119 119 119 119 119 119 119 119 119 119 120 120 120 120 120 121 120 121 121 120 120 120 120 120 121 121 121 122 122 122 122 122 122 123 122 122 123 123 123 123 123 123 123 123 123 122 122 121 121 122 122 123 123 124 125 126 127 128 129 130
119 119 119 119 119 118 119 119 120 119 119 120 119 119 120 120 120 120 120 120 121 121 121 121 121 121 121 121 121 121 121 121 121 121 121 121 121 122 122 122 123 123 123 123 123 123 123 124 124 124 124 123 123 123 123 123 123 122 122 123 123 123 124 124 126 127 128 129 129 130
120 119 119 119 119 119 119 120 120 120 120 120 120 120 120 120 120 120 120 121 121 121 121 121 122 122 123 122 122 122 122 122 121 121 121 121 122 122 122 122 123 123 123 123 123 124 125 125 124 125 125 125 124 124 124 124 124 123 123 124 123 124 124 124 126 127 128 129 130 131
