layers/bio10.asc
NCOLS 292 
NROWS 290 
XLLCORNER -87.625 
YLLCORNER 24.5 
CELLSIZE 0.0416666666666667 
NODATA_value -1.7e+308 
[rows 31 to 61 of 290, columns 70 to 139 of 292]
-1.7e+308 -1.7e+308 -1.7e+308 -1.7e+308 -1.7e+308 -1.7e+308 -1.7e+308 -1.7e+308 -1.7e+308 -1.7e+308 -1.7e+308 -1.7e+308 -1.7e+308 -1.7e+308 -1.7e+308 -1.7e+308 186 188 197 203 201 197 201 200 202 199 192 190 205 212 214 213 207 197 199 195 208 205 206 196 188 189 184 191 194 204 205 212 215 216 211 213 215 218 218 221 224 229 227 226 238 242 242 243 245 244 242 243 243 243
-1.7e+308 -1.7e+308 -1.7e+308 -1.7e+308 -1.7e+308 -1.7e+308 -1.7e+308 -1.7e+308 -1.7e+308 -1.7e+308 219 220 205 206 208 199 197 195 198 201 205 207 201 199 193 198 191 182 200 211 212 216 213 207 194 190 195 201 199 201 199 196 192 200 203 203 210 217 213 214 214 208 210 210 217 219 222 225 233 241 242 241 243 243 243 243 244 244 244 244
-1.7e+308 -1.7e+308 -1.7e+308 -1.7e+308 -1.7e+308 -1.7e+308 -1.7e+308 -1.7e+308 -1.7e+308 -1.7e+308 227 222 218 220 215 213 212 202 213 217 216 215 206 192 195 195 180 183 197 202 208 214 216 212 203 188 190 192 187 190 191 193 203 206 207 211 217 215 206 210 212 207 214 217 219 220 223 218 231 241 243 245 245 245 243 243 243 245 244 244
-1.7e+308 -1.7e+308 -1.7e+308 -1.7e+308 -1.7e+308 -1.7e+308 -1.7e+308 -1.7e+308 -1.7e+308 -1.7e+308 225 225 225 223 219 219 214 218 218 211 203 196 191 181 193 194 186 186 201 210 211 215 212 210 204 190 185 191 189 191 190 190 202 206 212 217 213 207 207 210 210 216 224 230 232 235 223 227 239 244 245 244 244 244 245 244 244 244 244 243
-1.7e+308 -1.7e+308 -1.7e+308 -1.7e+308 -1.7e+308 -1.7e+308 -1.7e+308 -1.7e+308 -1.7e+308 -1.7e+308 222 221 222 224 223 222 220 220 219 209 206 203 201 201 202 192 192 191 195 205 206 214 207 194 199 189 185 189 195 194 198 202 208 215 216 210 211 210 208 217 220 235 238 239 240 240 242 243 244 244 245 246 246 246 246 245 245 246 245 243
-1.7e+308 -1.7e+308 -1.7e+308 -1.7e+308 -1.7e+308 -1.7e+308 -1.7e+308 -1.7e+308 -1.7e+308 -1.7e+308 215 216 223 222 222 221 221 221 220 216 215 217 214 210 198 192 192 185 188 185 204 214 209 200 190 190 189 197 201 197 199 211 224 228 215 218 208 215 229 238 239 240 242 242 242 244 246 244 245 246 245 245 245 246 246 245 245 246 246 245
-1.7e+308 -1.7e+308 -1.7e+308 -1.7e+308 -1.7e+308 -1.7e+308 -1.7e+308 -1.7e+308 -1.7e+308 219 215 219 220 223 223 220 219 218 219 215 215 216 216 214 212 210 198 187 183 185 196 210 206 192 195 202 201 204 206 202 212 226 231 230 225 228 223 228 239 241 243 244 244 244 243 245 245 247 247 247 247 247 247 247 247 247 247 246 247 246
235 234 229 222 208 220 225 226 225 223 222 220 222 221 222 220 214 214 218 217 215 215 217 213 201 200 198 202 194 197 206 212 208 194 204 213 212 209 211 212 225 233 237 238 238 237 238 238 240 241 242 244 245 244 245 246 247 248 248 248 248 249 249 249 248 248 249 248 248 248
232 229 222 215 212 221 225 224 225 225 223 221 218 218 220 220 218 215 208 210 216 209 214 213 210 211 203 206 209 209 208 213 203 204 210 216 221 219 219 230 236 235 239 242 240 238 240 241 242 240 243 245 246 246 245 241 247 248 248 248 250 249 249 250 249 249 250 249 248 248
229 220 213 204 212 220 222 222 224 225 225 223 221 219 217 219 218 216 214 210 210 198 210 212 206 201 206 212 215 208 207 214 211 217 222 224 223 222 226 236 237 238 240 243 243 241 242 244 243 243 244 245 247 247 248 246 248 249 250 250 249 250 251 251 251 250 251 250 249 248
224 211 209 213 207 209 216 221 223 223 225 222 219 215 218 217 218 219 216 215 208 197 205 211 206 199 210 218 214 213 218 219 223 220 225 226 226 228 228 237 239 241 242 244 243 241 244 245 245 245 245 247 248 249 249 250 249 249 250 251 251 251 251 252 252 251 250 249 250 249
237 231 223 223 221 213 221 224 222 215 222 219 214 212 213 211 214 213 214 218 215 204 201 204 198 203 213 218 217 213 220 219 225 229 227 225 228 228 233 238 239 241 243 245 244 243 244 246 246 246 246 247 249 250 250 250 250 250 250 251 252 251 251 251 252 251 250 249 249 249
222 220 227 229 226 225 229 226 216 210 219 220 218 213 212 210 206 201 207 214 211 206 213 208 207 217 222 215 216 214 221 223 228 231 228 230 232 233 238 239 241 242 245 246 245 245 246 247 247 248 248 248 249 250 251 251 252 251 251 251 251 252 252 251 251 251 251 249 250 249
230 222 229 231 229 230 230 220 206 209 215 220 216 216 214 215 208 204 202 206 204 206 217 220 222 224 224 220 217 216 221 226 232 231 232 235 238 239 240 241 242 244 245 246 248 248 247 248 248 248 249 248 249 250 251 251 252 252 251 251 251 252 252 252 251 251 250 251 250 249
235 228 232 232 232 232 228 223 220 224 218 213 210 210 209 214 207 210 217 218 216 211 222 225 227 227 222 225 226 226 227 230 237 238 237 240 241 242 241 243 244 243 244 246 249 248 249 249 249 249 249 249 249 250 251 251 252 252 251 251 251 251 252 252 251 251 250 250 250 250
237 234 234 233 232 230 230 229 226 225 220 213 206 209 216 213 217 219 221 225 223 221 225 222 226 229 227 228 229 229 229 231 234 241 244 243 244 243 243 243 244 245 246 248 250 249 249 250 250 250 250 250 249 250 251 250 252 252 252 251 251 251 251 251 251 251 251 250 249 249
244 238 235 232 234 230 229 227 224 223 218 211 214 222 226 226 227 227 225 227 227 228 228 226 228 230 229 230 230 229 230 231 237 242 243 245 245 245 245 244 244 246 248 249 250 250 250 250 250 251 250 250 250 250 251 251 251 252 252 252 251 251 251 251 251 251 251 251 251 251
240 239 236 234 235 231 227 221 216 220 222 221 224 226 228 230 232 231 230 230 230 228 227 229 230 230 231 230 230 230 231 235 240 241 242 243 245 246 247 246 245 247 248 249 250 251 251 251 252 251 251 251 250 250 252 252 252 251 252 252 252 252 251 250 250 250 250 250 250 251
238 237 238 238 237 234 229 225 216 220 228 229 230 228 230 232 233 233 233 231 231 228 229 230 231 232 231 230 229 231 236 239 243 243 243 245 245 247 248 248 247 248 249 250 251 252 252 251 251 251 251 251 250 250 251 252 252 251 252 253 252 252 251 251 251 250 250 250 251 251
242 239 238 237 234 233 232 233 227 221 229 231 231 231 231 233 234 235 234 235 234 233 232 231 234 233 233 231 235 241 240 244 244 244 245 246 245 246 247 249 249 250 250 251 252 253 252 253 252 251 252 252 251 251 251 251 252 252 251 252 252 252 252 251 251 251 250 250 250 251
243 239 237 236 230 234 234 235 235 232 231 233 233 234 233 235 235 237 237 236 235 235 234 235 236 235 233 237 242 241 243 245 246 245 246 247 247 246 247 248 249 249 250 251 253 252 253 253 252 252 252 252 252 251 251 251 252 252 252 252 252 252 253 251 251 252 251 250 251 251
242 241 240 235 234 235 237 237 237 235 234 235 236 236 236 237 237 238 237 237 237 238 236 238 236 235 239 242 243 241 243 245 246 247 247 247 249 248 247 248 248 250 251 252 253 253 254 253 252 252 252 253 252 252 252 252 251 252 252 253 252 253 253 251 251 252 252 252 251 252
243 240 238 238 238 237 238 239 239 238 237 238 238 238 238 238 238 239 239 238 239 239 239 239 238 240 242 243 245 244 244 245 246 247 249 249 249 248 247 247 248 250 251 251 252 253 253 253 252 252 252 253 251 253 252 252 251 252 252 253 253 252 253 252 252 251 252 253 253 253
240 234 238 240 238 238 239 241 240 240 240 240 239 238 238 237 237 239 240 240 240 239 240 242 242 243 244 244 245 246 247 247 247 248 248 249 250 248 247 248 248 249 250 251 253 253 253 253 252 252 253 253 252 253 253 252 252 253 252 252 253 253 253 253 253 252 253 253 254 254
240 238 242 241 239 240 242 241 240 240 240 239 239 239 238 238 239 240 241 240 239 240 241 243 244 244 245 245 247 247 248 249 249 249 249 249 250 249 248 248 249 250 251 251 251 251 253 253 252 253 254 252 253 254 254 252 252 253 252 251 252 252 253 253 253 253 253 253 255 255
243 243 243 244 244 243 241 240 240 239 239 239 239 237 239 240 241 241 241 240 240 242 243 244 245 245 245 246 246 246 248 248 249 249 250 250 251 250 249 249 250 250 250 250 251 252 252 253 253 254 254 253 254 254 253 253 253 253 253 252 252 252 253 253 254 254 254 253 254 255
245 244 245 245 243 242 242 242 242 241 240 240 240 239 240 241 242 242 241 241 242 244 243 245 246 246 246 246 247 247 247 248 248 249 249 250 251 251 251 251 250 250 250 250 250 251 252 253 253 254 254 254 255 255 254 253 253 254 253 252 252 251 253 253 254 254 255 254 255 256
246 246 246 246 244 244 244 242 242 242 240 241 240 240 241 242 241 241 240 244 245 245 245 246 247 248 247 247 248 249 248 249 249 249 250 250 251 251 251 252 251 250 250 250 250 250 251 253 254 254 254 255 255 255 254 253 254 254 254 252 252 252 253 254 254 254 254 256 255 256
246 246 245 245 246 245 245 243 242 241 241 241 240 241 242 242 242 242 242 243 245 246 247 246 247 248 249 249 249 250 250 250 250 250 250 252 251 251 252 252 252 251 250 249 249 251 252 253 254 254 254 255 256 255 254 254 254 255 253 253 253 252 253 253 254 254 254 256 255 255
247 246 245 245 246 244 243 243 242 241 242 241 242 242 244 243 243 242 242 244 245 247 247 248 249 249 250 249 250 251 251 252 251 251 252 252 253 252 252 252 252 252 251 251 251 252 252 252 254 254 255 255 255 256 255 254 254 255 254 253 253 252 253 254 254 254 255 255 256 257
247 246 246 247 246 245 244 245 244 243 242 243 243 243 243 243 243 243 243 244 245 245 246 247 248 249 251 250 251 251 252 253 252 252 253 253 253 253 253 253 253 253 253 253 252 253 254 254 255 255 256 255 255 256 255 254 255 255 253 254 254 253 254 254 254 254 255 255 256 257
