layers/bio17.asc
NCOLS 292 
NROWS 290 
XLLCORNER -87.625 
YLLCORNER 24.5 
CELLSIZE 0.0416666666666667 
NODATA_value -1.7e+308 
[rows 31 to 61 of 290, columns 140 to 209 of 292]
298 297 293 290 288 285 284 281 276 278 282 276 271 268 266 266 263 262 260 261 260 259 258 258 256 256 254 254 253 255 254 252 256 255 255 253 252 254 255 256 254 256 256 256 256 255 256 257 259 258 256 255 254 252 250 249 247 245 243 242 240 238 237 238 237 234 233 233 234 233
295 295 292 290 286 285 285 279 279 280 280 277 273 268 269 266 265 261 261 259 259 258 255 255 255 255 252 254 254 252 251 251 255 254 253 253 252 255 255 256 255 255 255 256 254 253 253 255 257 257 255 254 254 254 250 248 247 245 243 241 239 237 235 235 234 233 231 230 229 230
298 296 293 289 287 285 282 280 282 281 280 280 273 269 269 268 264 261 260 260 257 257 255 254 254 252 252 255 253 251 250 251 252 252 251 251 252 253 253 254 253 253 255 253 251 251 251 254 254 257 255 253 251 251 250 249 248 248 244 240 238 237 234 233 232 230 228 228 229 230
299 297 293 291 286 284 283 283 280 280 278 276 274 271 269 266 264 261 261 258 257 256 256 254 252 251 254 252 251 251 252 251 252 253 253 253 252 252 251 253 252 253 252 251 251 249 253 254 254 255 254 253 251 250 249 247 245 247 243 241 240 238 237 234 234 231 229 228 228 229
297 291 292 288 285 283 283 282 279 277 276 276 275 272 269 267 263 262 261 259 258 255 254 253 253 254 254 252 251 252 253 253 253 253 251 252 252 253 252 253 251 250 250 248 248 250 253 252 254 254 253 251 249 248 247 246 245 245 243 240 238 238 237 233 231 230 229 227 227 227
294 289 288 288 287 283 280 279 277 277 276 274 275 271 269 267 266 263 262 261 258 256 254 254 255 254 254 253 254 253 253 251 251 252 253 253 253 252 251 250 248 248 248 250 249 249 251 254 254 252 250 251 249 247 245 243 243 243 243 240 237 236 236 232 230 230 228 227 227 227
288 284 284 287 284 283 279 276 278 277 273 274 274 271 270 267 265 263 261 261 259 257 256 254 256 254 253 253 254 253 252 251 252 253 253 253 251 251 250 248 248 248 250 250 250 247 251 249 251 250 249 248 248 248 246 243 242 241 240 240 236 235 233 231 230 229 227 226 227 226
284 282 281 282 280 280 277 275 276 273 272 273 272 271 267 267 265 264 261 260 259 256 256 256 254 252 252 253 254 253 252 251 254 253 252 250 250 248 248 247 249 250 250 252 251 247 248 250 249 249 249 248 249 248 246 244 242 239 239 239 236 234 232 231 229 228 228 226 226 228
279 280 280 278 278 276 275 273 274 271 273 272 269 270 267 265 264 262 262 260 259 256 255 254 254 254 254 253 253 253 252 254 254 251 250 250 246 248 248 250 250 250 249 248 251 248 245 248 247 249 249 249 247 245 244 242 242 240 238 236 235 233 233 231 230 228 228 227 227 227
281 279 276 277 277 277 274 273 272 273 272 269 267 267 267 265 262 261 261 260 259 256 255 254 256 256 254 254 255 254 254 252 252 250 249 249 246 247 248 250 249 248 247 245 246 245 243 246 247 248 249 249 246 243 241 240 240 238 237 236 234 234 232 230 230 229 227 227 227 226
276 278 278 277 277 276 275 272 272 272 269 266 267 267 265 262 261 259 260 260 259 256 254 255 253 254 253 254 254 253 253 251 250 250 248 246 246 245 246 248 247 245 246 245 243 242 244 243 245 245 247 245 242 241 239 239 238 237 236 235 233 233 231 231 229 228 227 227 226 226
274 274 278 280 280 277 274 271 270 268 266 267 267 267 265 262 259 259 258 259 257 256 254 253 253 251 253 254 251 250 250 251 250 249 247 246 246 246 243 243 245 245 244 242 241 242 243 243 243 244 243 242 239 238 237 236 237 235 234 233 233 232 232 230 229 228 226 226 226 225
277 274 276 278 276 273 271 268 266 266 266 267 267 264 264 262 260 258 256 256 255 254 254 252 251 251 253 253 251 249 247 247 248 250 249 247 244 244 243 241 241 242 242 241 238 240 240 240 240 240 239 239 236 234 236 236 235 235 233 233 232 232 230 229 228 227 226 226 226 225
275 275 275 277 273 270 267 264 266 266 267 264 263 260 261 259 258 257 255 253 254 253 251 250 250 250 250 250 251 248 245 246 249 248 247 246 244 244 243 241 240 238 238 239 237 236 237 237 237 237 236 235 234 233 233 234 234 233 233 232 232 231 230 228 227 227 226 226 225 225
273 275 273 275 272 270 265 263 263 264 262 259 258 259 259 258 256 253 255 253 251 252 250 250 250 249 250 250 248 246 247 245 246 245 243 244 242 241 241 239 239 237 235 235 236 234 234 233 235 235 234 233 231 230 231 232 232 233 232 232 230 230 228 228 227 225 225 225 224 225
276 274 272 271 269 266 265 262 260 259 258 257 257 257 259 256 256 252 251 250 249 249 249 248 250 249 250 248 247 246 244 243 241 241 242 242 242 241 239 238 236 235 235 235 234 232 232 231 232 232 231 231 231 230 229 230 230 231 230 230 229 228 228 227 226 226 224 225 225 224
273 276 272 269 266 265 264 261 258 257 256 256 257 257 256 253 252 250 249 247 247 247 246 246 247 249 250 248 242 244 243 243 242 238 238 238 240 240 238 237 236 236 235 233 232 233 231 230 230 230 230 230 229 229 230 230 230 230 230 229 229 228 228 227 226 226 225 225 224 224
270 269 269 269 266 263 264 259 258 258 255 257 256 254 253 253 250 248 248 247 245 244 243 243 244 246 245 245 243 241 241 240 239 236 236 238 239 237 237 237 236 233 234 234 234 231 229 228 228 229 228 228 229 228 229 230 230 229 229 229 228 228 228 227 226 226 225 224 224 223
269 268 266 265 265 264 261 258 255 255 255 255 252 251 251 250 247 245 244 245 244 241 242 241 242 241 240 242 239 239 236 238 237 236 234 235 238 238 234 235 236 235 231 231 231 229 228 227 226 227 227 227 227 227 229 229 228 228 228 228 228 228 228 227 227 226 224 224 223 224
267 265 264 263 262 259 259 256 254 253 250 250 249 246 247 246 245 242 241 239 239 236 240 239 236 235 239 237 238 236 235 235 235 235 232 234 237 236 233 232 235 234 231 229 229 228 227 226 226 225 226 226 227 227 228 228 228 229 228 228 228 228 228 227 227 226 226 223 224 224
266 264 262 261 259 256 254 254 251 248 250 249 246 243 245 245 242 240 238 238 238 235 232 234 233 234 235 233 234 234 234 232 232 235 231 231 234 233 233 231 233 230 228 228 227 227 226 224 224 225 224 224 226 227 227 228 228 228 228 228 228 228 228 228 227 226 226 225 224 224
263 261 258 256 255 253 251 251 250 246 247 247 244 243 242 240 240 239 237 238 236 233 232 230 229 230 232 229 231 231 232 231 231 230 230 228 230 231 229 228 230 228 226 226 225 225 225 224 223 223 223 224 225 225 227 227 228 228 228 228 228 228 228 228 228 226 226 225 225 224
261 260 258 255 254 253 251 248 246 245 244 244 241 240 240 240 239 239 236 235 235 237 236 232 229 226 225 228 229 229 228 227 230 230 228 228 226 229 231 227 226 226 226 225 224 223 224 223 223 222 222 222 223 225 227 227 228 228 228 228 228 228 228 228 228 227 227 225 225 224
258 256 254 253 253 251 249 247 245 242 241 242 240 238 238 237 239 239 238 238 237 237 233 230 228 226 223 225 225 226 225 226 227 228 228 228 226 225 226 225 225 224 224 223 223 222 221 222 222 221 221 221 222 224 226 227 228 229 229 229 229 229 228 228 228 227 227 225 225 224
257 255 252 250 250 248 245 243 241 240 238 239 238 236 235 237 234 235 234 235 236 234 231 231 229 227 225 224 223 224 222 225 225 226 226 227 226 224 224 224 223 223 223 222 221 221 220 220 220 220 218 219 222 223 226 228 228 230 230 230 230 230 230 228 228 228 227 225 226 225
252 251 251 248 248 248 245 244 242 241 239 237 234 233 233 233 232 232 234 236 234 232 229 228 226 226 224 221 221 221 224 224 225 223 223 226 224 223 223 223 222 221 222 221 220 219 218 218 217 217 217 218 221 224 226 228 230 231 231 231 231 230 230 230 229 229 228 225 225 225
250 249 248 247 246 247 247 244 243 242 240 237 234 233 230 231 231 233 235 233 233 231 229 229 228 225 222 219 219 219 220 221 222 222 222 222 223 221 221 221 221 220 220 219 219 218 217 215 215 216 216 218 221 224 226 228 230 232 232 231 231 231 230 230 230 229 229 225 225 224
250 250 248 245 245 244 243 241 239 239 237 237 235 234 232 229 229 233 230 230 231 232 230 228 225 223 219 218 217 218 219 220 221 221 220 220 221 220 220 219 219 219 219 219 218 217 216 215 214 214 216 219 221 224 226 229 230 232 233 233 232 232 231 230 230 230 229 225 225 225
249 248 247 245 242 241 240 239 237 237 235 235 232 233 230 228 226 228 227 229 228 230 230 227 225 221 220 218 216 216 216 216 220 220 218 217 218 218 219 219 218 219 219 217 217 216 216 216 214 215 217 219 222 224 227 229 230 232 232 233 233 233 232 232 232 231 231 226 225 226
247 246 243 243 241 240 240 239 237 236 234 233 232 231 228 227 226 226 226 227 225 225 229 226 224 223 221 215 214 214 213 215 215 216 216 217 217 218 218 218 219 219 217 217 217 216 215 215 215 216 218 221 223 226 227 228 231 232 232 232 232 232 232 232 231 231 230 226 226 225
246 244 243 243 243 241 241 239 237 237 235 235 234 231 228 226 225 224 225 224 224 227 229 226 222 219 218 213 212 212 214 215 214 215 214 215 216 217 217 219 219 218 217 217 218 217 216 215 217 218 220 221 224 225 227 230 231 232 233 233 233 233 233 232 232 231 231 227 226 226
