layers/bio1.asc
NCOLS 292 
NROWS 290 
XLLCORNER -87.625 
YLLCORNER 24.5 
CELLSIZE 0.0416666666666667 
NODATA_value -1.7e+308 
[rows 62 to 92 of 290, columns 70 to 139 of 292]
153 152 153 152 153 153 153 154 152 152 153 153 153 153 154 154 154 154 154 154 156 156 157 158 158 159 159 160 161 161 162 162 162 161 161 162 162 163 163 162 162 163 162 163 163 164 164 164 164 164 165 165 164 164 164 164 164 163 162 163 162 163 163 162 163 163 163 163 164 165
153 154 154 154 154 155 155 154 153 153 153 153 154 155 156 155 155 154 156 157 156 158 158 159 160 159 160 160 161 162 163 162 163 162 162 162 163 162 162 161 162 162 163 163 164 164 163 163 164 164 165 165 165 164 164 165 164 163 163 163 163 163 163 163 164 164 164 164 164 164
155 156 155 155 155 156 156 155 155 154 154 154 155 155 156 156 155 155 155 157 158 158 159 160 160 161 161 161 161 162 163 163 164 163 163 162 162 162 162 163 163 163 164 164 163 164 163 163 164 164 164 165 164 165 165 165 164 164 163 164 164 163 164 164 165 165 165 164 164 164
156 156 155 156 157 157 158 157 156 156 156 154 155 155 157 156 156 157 156 157 158 159 159 159 160 161 162 162 162 162 162 163 164 164 164 164 163 162 163 164 164 164 164 164 163 164 163 163 164 164 165 164 164 165 165 165 165 164 164 164 164 164 165 165 165 165 165 164 164 164
156 157 157 156 158 159 159 158 158 157 156 156 156 157 157 158 157 158 158 158 159 159 160 160 161 162 162 162 163 164 163 163 164 165 165 165 163 163 163 163 164 164 164 163 163 163 163 164 164 165 165 164 165 165 165 165 165 166 165 165 166 166 166 165 165 164 164 164 163 163
155 157 157 158 159 159 158 158 157 157 157 158 157 157 159 159 159 159 160 160 159 161 161 161 161 162 163 163 164 164 164 164 165 166 166 165 163 163 163 164 164 164 163 163 163 163 164 164 165 165 164 164 164 164 164 164 165 165 166 166 166 166 165 164 165 165 164 164 163 164
156 157 159 160 159 159 158 158 159 158 158 159 159 159 159 160 160 160 161 161 160 161 162 162 162 163 163 164 164 164 165 165 165 167 166 164 164 164 164 164 164 164 164 164 164 165 164 164 164 164 165 164 164 164 164 165 165 165 166 166 166 166 165 165 166 166 166 165 164 165
158 160 160 160 160 160 159 160 161 161 161 160 160 160 159 160 160 162 162 162 161 162 163 162 163 164 164 164 165 166 166 167 166 167 167 166 165 165 164 164 165 165 164 165 165 165 165 165 165 165 165 165 165 165 165 166 166 166 166 167 166 167 167 167 167 167 166 164 165 166
160 160 160 160 160 160 160 161 161 161 161 161 162 162 161 161 161 161 163 163 162 163 164 162 163 164 165 166 166 167 167 168 167 167 167 166 165 165 164 165 165 165 166 166 166 166 166 165 165 165 166 166 166 166 166 165 165 165 166 167 167 166 168 168 168 167 166 166 166 168
159 160 160 160 160 160 161 161 160 161 161 161 161 161 162 162 162 161 163 164 163 164 163 164 165 165 165 166 166 166 166 167 168 167 168 167 166 165 164 164 165 165 166 166 165 166 166 166 167 166 166 166 166 166 165 165 165 165 166 167 168 168 168 168 169 166 166 167 167 169
159 159 159 159 160 161 161 162 161 162 162 162 163 162 163 163 163 163 163 164 164 165 164 164 166 167 166 167 167 167 167 168 168 168 168 167 166 166 165 164 164 165 165 165 165 165 165 166 166 166 166 166 166 166 165 165 166 167 167 167 168 168 168 169 169 168 167 169 168 170
158 159 160 160 160 161 162 162 162 162 162 163 163 163 163 164 164 164 164 165 165 165 165 165 166 167 168 167 168 168 168 168 168 168 168 168 166 167 166 165 165 165 166 166 165 165 166 166 165 166 166 166 166 166 165 165 166 167 167 167 168 167 168 169 170 169 168 170 170 169
159 160 160 160 161 162 162 163 162 162 162 162 163 163 164 164 165 165 166 166 166 166 166 166 167 167 168 169 169 169 169 169 169 169 169 168 168 167 167 166 165 165 166 166 167 165 165 165 166 166 166 166 166 166 165 166 167 166 167 167 167 167 168 169 169 171 171 171 169 169
160 161 161 161 161 162 162 163 162 162 162 162 163 163 163 164 164 165 167 167 167 167 167 168 168 169 169 170 170 170 169 169 168 169 169 168 169 168 167 167 166 166 166 167 167 166 166 166 166 166 167 166 167 167 166 166 167 166 167 168 167 168 169 170 172 173 173 171 169 171
160 161 162 162 163 163 162 163 163 162 163 162 163 163 164 165 165 166 167 168 168 168 168 168 169 170 170 170 171 170 170 169 168 169 170 170 170 169 168 168 168 167 167 167 167 168 167 167 167 167 167 167 168 168 167 167 167 167 167 167 167 168 169 170 172 173 173 173 171 172
161 161 162 163 163 163 163 164 163 163 163 164 163 164 164 165 166 166 167 168 169 169 169 169 171 171 172 171 170 171 171 170 169 169 169 169 169 170 170 169 169 168 167 168 168 169 168 168 168 168 167 167 168 169 169 169 169 168 168 168 168 169 170 170 171 172 174 174 173 172
162 162 162 163 164 164 164 164 163 163 163 164 165 165 165 165 165 166 167 168 170 170 170 170 171 171 172 172 172 171 172 171 171 170 170 170 171 171 170 170 169 168 168 168 169 169 169 169 168 169 168 168 168 168 169 170 170 169 169 169 168 169 170 170 171 172 173 173 174 174
163 163 163 163 164 164 164 164 164 163 163 164 164 165 166 166 166 167 167 168 170 171 171 171 171 171 172 172 172 172 172 172 171 172 172 172 171 170 170 170 169 169 169 169 169 169 170 169 169 169 169 169 169 169 169 169 170 170 171 170 170 170 170 171 171 171 172 173 174 175
163 164 164 164 165 165 165 164 163 163 163 164 165 165 166 167 166 167 168 170 170 171 171 171 172 172 172 172 171 172 173 173 172 173 173 172 172 170 169 169 169 170 170 169 170 170 170 170 169 170 170 171 170 169 170 170 171 171 171 171 171 171 171 172 172 172 172 173 174 175
163 165 165 165 165 166 165 165 164 164 165 165 165 166 167 167 167 167 168 169 171 172 172 172 173 172 172 173 173 173 173 174 173 173 173 172 172 171 170 169 171 171 170 169 169 170 171 171 170 171 171 171 171 171 171 171 171 172 172 172 172 172 172 172 172 172 172 173 173 174
164 164 165 166 166 166 165 165 165 165 166 166 165 166 166 167 168 169 169 170 172 173 172 173 173 172 173 173 174 174 174 174 173 173 173 173 173 172 171 170 170 171 171 170 170 170 171 172 172 171 171 172 172 172 172 173 172 172 172 172 172 172 172 172 173 172 172 172 173 174
165 166 166 166 167 166 166 166 166 165 166 167 166 167 168 167 168 169 170 171 172 173 173 173 173 173 173 174 174 173 174 174 173 173 174 174 173 172 172 171 171 172 172 171 171 171 171 171 172 173 172 173 173 174 174 174 173 173 172 172 172 172 173 173 172 173 173 174 174 174
166 166 167 167 167 167 167 167 166 167 167 168 167 166 167 167 168 169 169 171 172 173 174 174 174 174 173 173 174 173 173 174 175 175 174 175 174 173 173 172 172 173 172 172 172 171 171 171 172 173 173 173 174 175 175 175 175 174 173 173 173 173 173 173 173 173 174 174 175 175
167 167 167 168 168 168 168 166 166 167 168 168 167 167 168 168 169 170 170 171 172 173 174 175 174 174 174 174 173 174 174 174 174 175 175 175 175 175 175 174 173 174 174 173 172 171 171 172 173 173 174 174 175 175 176 176 176 175 174 174 175 174 174 174 173 174 174 174 175 175
167 167 168 168 169 168 165 167 166 169 169 168 168 168 168 169 169 170 172 172 172 173 174 176 174 175 175 174 174 175 175 175 175 175 176 176 176 176 176 176 175 175 174 172 172 171 172 172 173 174 174 175 175 176 177 177 176 176 175 175 175 175 175 175 175 174 174 175 175 176
167 168 168 167 167 167 167 169 170 170 169 170 170 170 170 170 171 172 172 174 173 173 174 176 176 175 176 176 174 175 175 176 176 176 176 176 177 177 177 177 175 175 174 173 172 172 172 173 174 174 174 175 176 176 176 177 177 177 176 176 176 176 176 176 176 175 175 175 176 177
167 167 168 167 169 169 170 170 171 170 171 170 171 171 171 171 172 173 173 174 175 174 175 176 177 177 177 176 175 176 176 176 177 178 178 178 177 176 177 177 177 176 175 174 173 173 173 173 174 174 175 176 176 177 177 177 178 177 177 177 177 176 177 177 177 177 177 177 176 177
164 167 168 169 169 171 172 172 172 172 173 173 173 172 172 172 173 174 174 175 176 176 176 177 176 177 178 177 177 177 177 177 177 177 178 178 178 178 177 176 177 177 176 175 174 174 174 174 175 175 176 176 177 178 178 178 179 178 178 178 178 178 178 177 178 178 178 177 177 178
168 170 169 170 171 172 173 174 174 174 175 174 174 174 174 173 174 174 175 176 176 176 177 177 178 178 179 179 178 177 178 178 178 178 178 178 178 177 177 178 177 177 176 175 175 175 175 175 175 176 177 177 177 177 178 179 179 179 179 179 179 179 179 179 179 179 179 178 178 179
169 170 171 171 172 173 174 174 175 175 175 175 174 175 175 175 174 174 175 176 177 177 177 179 179 180 180 179 178 177 178 178 179 179 179 179 179 179 178 176 177 178 177 176 176 175 176 176 176 176 177 178 178 177 178 178 179 179 179 180 179 179 180 179 180 180 180 179 180 180
171 172 173 173 173 173 173 174 175 175 176 176 176 176 175 175 175 175 175 176 177 178 178 178 179 180 180 180 179 179 178 178 179 178 179 179 179 179 179 178 178 178 177 177 177 176 177 177 177 177 178 178 179 179 179 178 179 179 180 180 179 180 180 180 180 181 181 181 181 181
