layers/bio16.asc
NCOLS 292 
NROWS 290 
XLLCORNER -87.625 
YLLCORNER 24.5 
CELLSIZE 0.0416666666666667 
NODATA_value -1.7e+308 
[rows 124 to 154 of 290, columns 70 to 139 of 292]
403 401 399 397 396 395 393 392 390 389 386 384 382 381 381 382 381 383 381 381 380 377 377 376 376 375 374 374 375 377 378 381 383 386 390 391 395 398 403 407 411 415 418 423 425 428 430 432 433 435 436 438 439 442 443 445 446 450 452 455 458 461 465 468 474 477 481 484 486 486
403 403 400 397 396 396 394 393 391 389 388 387 384 384 385 385 385 386 385 384 383 382 380 379 379 377 379 378 379 381 383 385 387 389 392 396 398 402 405 410 413 417 421 424 428 430 433 435 437 439 440 441 442 445 447 449 450 453 455 458 462 465 468 472 477 482 485 488 489 489
404 402 400 400 397 397 395 394 392 391 389 389 389 389 390 390 388 389 389 387 387 385 385 382 382 381 382 382 383 385 385 388 390 392 396 398 402 405 409 412 416 420 424 428 431 434 437 439 440 442 443 445 446 448 449 452 453 457 459 461 465 469 473 477 481 485 487 491 493 492
404 402 401 399 398 396 395 395 392 392 392 393 393 393 394 396 394 393 391 392 390 389 389 388 388 385 385 386 386 388 390 391 393 396 398 401 405 408 412 416 419 424 427 431 434 437 439 441 443 445 447 449 452 452 454 455 456 460 463 466 469 473 476 480 484 489 492 494 495 494
403 403 400 399 397 397 396 395 395 395 396 397 397 397 399 399 398 396 396 395 393 392 392 391 391 391 390 390 390 392 394 395 396 399 401 405 408 411 415 418 422 427 430 434 437 440 442 446 448 449 451 452 455 456 458 459 461 463 466 469 473 477 481 485 488 492 495 498 499 496
403 401 400 399 397 397 397 399 399 400 400 400 402 402 404 403 401 399 400 398 397 396 395 393 394 394 394 394 395 396 397 398 401 402 405 408 411 415 418 420 425 429 434 437 440 443 446 449 451 453 454 457 458 460 462 464 466 468 471 474 477 482 485 488 490 495 498 498 498 496
401 401 400 398 399 400 402 402 402 403 405 405 407 408 407 406 404 404 403 401 401 400 399 399 398 398 398 398 398 401 401 403 403 406 408 410 414 417 421 424 429 432 437 441 443 447 450 453 455 457 460 461 463 465 466 468 470 473 476 479 482 485 488 490 493 495 498 498 497 496
401 400 401 403 404 404 406 406 407 408 408 411 414 413 412 410 408 408 406 405 404 404 404 403 402 402 402 402 403 404 405 407 408 408 412 414 417 420 423 427 431 436 440 444 448 451 454 457 459 460 463 464 466 469 471 472 474 477 480 483 485 488 490 493 495 496 496 496 497 493
404 405 405 407 407 409 409 411 411 413 413 416 418 417 416 413 412 411 410 409 409 408 408 407 407 407 407 407 407 408 409 410 411 413 414 416 419 424 427 429 434 439 444 447 451 455 457 460 462 463 466 468 470 472 474 476 479 481 484 486 489 490 493 495 495 498 497 496 496 493
408 409 410 411 412 413 414 415 417 419 420 422 421 420 420 419 417 416 414 415 413 413 413 411 411 411 410 413 412 412 414 414 416 416 418 420 424 426 429 434 437 442 447 450 454 459 461 464 466 469 471 473 474 476 478 480 482 485 487 490 492 493 496 496 497 498 496 496 494 491
413 413 414 415 416 416 419 420 423 426 426 426 426 424 424 422 421 421 419 418 417 416 417 416 417 415 415 416 416 417 417 419 419 421 421 423 426 430 434 438 441 446 450 454 458 462 464 468 470 472 474 477 477 480 482 484 486 489 490 493 494 496 496 497 498 498 496 495 493 491
418 418 420 421 421 423 424 426 429 431 431 431 431 429 427 426 425 424 423 424 423 422 422 422 419 420 420 421 421 421 421 423 424 424 426 429 430 433 438 442 445 450 454 457 462 464 468 470 473 476 477 480 481 484 487 488 490 492 493 496 497 499 499 499 499 499 496 495 492 490
423 423 423 426 428 429 434 435 436 436 436 436 435 435 433 431 430 430 430 429 427 427 427 427 427 425 425 426 427 427 426 426 428 428 432 433 436 439 441 446 448 454 457 462 464 467 472 474 476 478 481 483 485 488 490 491 494 496 496 499 500 502 502 501 500 500 497 494 492 489
428 428 430 432 436 439 439 440 442 441 441 441 440 440 438 436 437 436 435 433 432 432 431 431 432 432 431 431 431 431 432 432 432 435 437 439 440 443 446 450 454 457 461 464 468 472 474 477 480 482 484 487 488 491 493 494 497 499 501 502 503 503 503 502 502 500 497 494 492 491
433 434 439 442 443 445 445 447 447 447 446 446 445 445 444 444 445 443 440 438 436 436 437 435 436 436 436 434 436 436 435 437 438 440 441 443 446 448 451 454 457 462 466 468 472 475 478 481 482 485 488 490 492 494 496 499 500 502 504 505 506 507 506 503 502 499 497 494 492 494
442 444 447 448 450 450 452 453 453 454 454 451 450 451 451 450 448 448 446 444 443 441 442 442 441 441 442 441 440 440 441 443 443 444 446 449 450 453 456 459 462 467 469 472 475 479 480 483 486 490 492 493 495 497 500 502 503 505 506 508 509 510 508 506 503 501 500 494 494 496
451 454 454 455 456 457 458 459 460 459 459 458 459 459 458 456 453 451 451 449 450 448 447 447 446 446 446 445 445 445 445 447 449 451 451 453 456 458 461 464 466 470 473 476 480 481 484 488 491 492 495 496 499 501 503 505 506 508 510 511 511 512 511 508 506 503 500 497 498 499
459 461 462 461 464 464 465 468 468 465 465 466 464 464 462 461 460 458 456 455 456 453 453 451 452 451 451 450 451 451 449 451 452 455 456 458 460 463 466 467 472 474 478 481 483 486 489 491 493 496 498 501 502 504 506 507 509 511 512 513 514 514 513 508 507 504 502 500 502 501
469 469 470 470 470 470 474 474 473 472 473 470 469 470 468 467 465 464 462 461 460 459 458 458 457 456 456 455 456 454 455 455 457 458 461 462 466 469 471 473 476 479 482 485 488 489 492 494 497 499 502 504 504 507 509 511 512 514 515 515 516 516 515 510 507 506 504 504 504 504
476 477 477 477 478 478 481 480 480 480 480 479 478 477 475 475 471 468 468 466 466 466 465 463 464 462 462 461 459 461 461 462 463 463 465 469 469 473 476 477 481 484 486 488 491 493 496 498 499 502 504 507 508 510 512 514 515 516 517 519 518 518 516 512 508 506 507 508 507 508
483 483 485 485 485 488 490 488 489 488 489 487 486 484 482 480 478 473 473 472 472 471 471 469 469 468 466 466 465 464 464 465 467 468 470 472 476 478 481 482 484 487 491 492 495 496 498 501 503 505 508 509 511 513 515 516 518 519 520 521 520 520 518 513 510 509 510 511 511 511
491 490 492 493 494 497 498 497 497 496 498 496 492 491 488 486 485 482 482 480 478 477 476 476 475 474 474 473 472 471 470 471 473 474 476 477 480 482 484 487 488 493 494 496 498 499 502 504 506 508 510 511 514 516 518 520 522 522 523 523 523 523 520 516 512 513 514 515 515 514
497 498 499 500 501 504 504 506 507 507 506 503 499 497 494 492 491 489 488 488 485 484 483 482 482 482 480 479 478 477 478 480 480 481 482 482 485 486 488 490 494 495 498 499 500 502 505 507 507 510 512 515 517 519 521 522 524 525 526 526 526 525 522 518 515 516 516 517 517 517
503 503 505 506 509 511 514 515 515 513 514 510 505 503 501 500 498 498 496 496 491 491 492 490 490 489 489 488 487 486 487 486 486 487 488 488 490 491 493 494 496 498 500 501 502 505 506 508 510 513 515 518 519 521 523 525 527 528 529 529 529 527 523 520 517 518 518 518 519 518
508 509 511 514 516 519 521 524 523 521 518 516 513 512 507 505 507 505 503 501 499 499 498 497 497 496 497 496 495 494 494 494 494 493 493 496 495 496 496 497 499 500 500 502 505 506 508 509 512 514 516 519 521 523 526 528 530 532 531 532 531 529 525 522 519 519 520 521 521 518
514 516 518 520 522 524 527 529 529 527 523 521 517 515 513 511 509 509 508 507 507 505 506 506 506 506 506 505 504 502 502 501 501 501 500 500 500 501 500 501 502 503 502 503 504 506 508 511 512 515 518 520 522 525 526 528 532 534 535 534 533 531 529 524 521 521 521 521 521 519
520 520 523 525 526 529 531 531 531 530 528 526 523 520 518 517 515 516 514 513 512 513 513 514 514 515 514 513 513 511 510 509 509 508 508 507 506 506 504 503 504 504 505 506 506 508 509 511 514 517 520 523 525 526 529 532 535 537 538 538 538 535 533 529 524 523 522 522 521 520
525 526 527 529 531 532 534 535 535 533 532 530 527 526 524 523 522 521 520 519 520 520 521 522 523 523 522 522 521 520 518 517 516 516 514 512 511 510 509 507 505 505 505 508 509 511 512 514 516 519 523 525 527 530 533 535 537 539 541 540 542 539 536 532 526 523 521 521 519 518
528 531 531 533 535 536 537 537 537 536 536 534 533 531 529 528 527 527 526 527 527 528 529 530 531 531 532 531 530 528 527 525 524 522 520 519 517 514 513 510 508 508 508 510 512 512 514 515 518 521 525 526 530 532 535 537 539 541 541 542 542 540 538 535 529 525 522 521 519 517
533 534 535 536 537 539 540 540 540 541 539 538 536 536 534 533 533 533 533 533 533 534 536 537 539 540 541 541 539 537 535 532 531 530 526 525 521 520 516 513 511 508 508 510 510 512 514 516 518 522 525 529 531 534 535 538 540 542 543 543 543 542 539 537 530 527 522 520 518 516
541 540 539 539 540 542 542 543 542 542 542 540 540 540 539 538 539 538 538 538 540 541 542 544 546 549 550 549 547 545 541 540 538 535 532 530 527 524 520 515 512 510 510 509 512 512 513 515 519 522 525 530 533 534 538 540 542 542 544 544 544 541 539 538 532 526 522 519 517 514
