layers/bio13.asc
NCOLS 292 
NROWS 290 
XLLCORNER -87.625 
YLLCORNER 24.5 
CELLSIZE 0.0416666666666667 
NODATA_value -1.7e+308 
[rows 93 to 123 of 290, columns 70 to 139 of 292]
147 146 145 146 145 144 142 140 140 138 136 134 133 132 130 130 129 129 129 128 128 127 125 125 124 123 123 122 124 123 124 124 125 124 124 124 123 122 122 122 121 121 120 120 120 120 119 119 118 120 121 122 123 124 125 127 128 128 129 130 131 131 131 131 131 131 132 132 133 134
145 145 145 145 145 143 142 140 139 137 135 133 132 130 129 128 128 127 128 127 127 126 126 125 124 124 124 123 123 123 122 123 124 123 123 123 123 123 122 122 121 120 119 120 119 119 119 119 119 120 121 123 124 124 125 127 128 129 129 130 131 131 132 132 132 133 133 133 134 134
141 141 141 141 141 141 140 138 136 135 133 132 130 128 128 126 126 128 127 126 125 124 124 124 124 125 124 123 123 123 123 123 123 123 123 123 122 122 121 121 121 121 120 119 119 118 118 119 120 121 121 123 124 125 126 128 129 129 130 131 131 132 132 133 134 134 135 135 135 136
138 138 138 139 139 139 139 137 135 134 133 131 130 128 126 125 124 125 125 125 124 124 124 124 124 125 124 123 123 123 123 123 123 122 122 122 122 121 121 120 120 120 119 118 118 118 118 119 121 121 122 123 124 125 127 128 129 130 130 131 132 133 133 133 134 134 136 136 136 137
135 136 136 137 137 139 139 136 134 132 131 130 128 127 126 124 123 124 124 124 124 124 124 124 124 124 124 124 123 123 123 123 123 122 121 121 121 121 120 120 119 119 119 118 118 117 118 119 121 122 123 123 125 126 127 128 129 130 131 131 132 133 133 134 135 135 136 137 137 138
136 136 136 137 137 137 137 136 134 131 129 128 127 126 125 123 122 123 124 124 124 124 124 124 124 124 124 124 123 123 123 123 123 122 122 121 121 120 120 119 119 118 118 118 117 117 118 120 121 122 123 124 125 126 127 128 129 130 131 132 133 134 134 135 136 136 137 138 138 139
132 134 134 136 137 135 136 134 133 131 129 127 126 125 123 122 122 123 124 124 124 124 124 124 124 124 124 124 124 123 124 124 123 123 122 122 122 121 121 120 119 119 118 118 117 117 119 120 121 122 124 125 126 127 128 129 129 131 131 132 133 134 135 135 136 137 137 138 139 140
132 134 135 137 136 135 134 133 131 129 128 126 125 124 122 122 123 123 124 124 124 124 124 125 124 124 125 124 123 124 124 124 124 124 123 123 123 123 122 121 121 120 119 119 118 118 119 120 121 122 124 125 126 127 128 129 130 131 132 133 134 134 135 136 137 138 138 139 140 141
133 135 135 136 136 134 133 132 131 130 128 126 124 123 123 122 123 124 124 124 124 125 125 125 125 125 125 125 124 124 124 124 124 125 125 124 124 124 123 123 122 121 121 120 119 119 119 120 122 122 124 125 127 128 129 130 131 132 132 133 135 135 136 137 138 139 140 140 141 142
131 134 134 134 136 135 132 131 130 128 126 125 124 124 124 123 123 124 124 124 125 125 125 125 125 125 125 125 124 124 124 124 124 125 126 126 125 125 124 123 123 122 121 120 120 119 120 120 121 122 124 126 127 128 129 130 131 132 133 134 135 136 137 138 139 140 141 141 142 143
133 134 133 134 135 134 133 131 130 129 127 126 125 125 124 123 123 124 124 125 125 125 126 125 125 125 125 125 125 124 124 125 126 126 127 127 127 126 126 124 124 123 122 121 120 119 120 121 122 122 124 126 128 129 130 131 132 133 134 135 136 137 138 139 140 141 142 143 143 144
133 134 134 133 134 133 132 131 130 129 127 126 126 125 125 124 124 124 125 125 125 125 126 125 125 125 125 125 125 125 125 125 126 126 127 128 128 127 126 126 124 123 122 122 121 121 121 121 122 123 124 126 128 130 131 132 133 134 135 136 137 138 139 140 141 142 143 144 145 146
134 133 133 133 133 133 132 130 129 128 127 127 127 126 126 125 125 125 125 125 125 126 126 126 126 126 125 126 126 125 125 126 126 127 128 129 129 128 126 126 125 124 123 122 122 121 122 122 123 123 125 128 129 131 132 133 134 135 135 137 137 139 140 141 142 143 144 145 146 147
135 134 133 134 133 133 132 131 129 128 128 128 127 127 127 126 125 126 126 126 126 126 126 126 126 126 126 126 126 126 126 126 127 127 128 129 129 128 127 127 126 125 124 124 123 122 123 123 124 124 126 128 130 132 133 134 135 136 137 137 138 140 141 142 143 145 146 147 148 149
135 135 134 133 133 132 132 131 130 129 128 128 128 128 128 127 127 126 126 126 126 126 127 127 127 127 127 127 126 126 126 126 127 127 128 129 129 129 128 127 127 126 125 124 124 124 124 124 125 126 127 129 131 132 133 135 136 137 138 139 139 140 142 143 145 146 147 148 149 151
136 136 134 133 133 133 132 132 131 130 129 129 129 129 128 128 127 127 127 127 127 127 127 127 128 128 127 127 127 127 127 127 127 127 128 129 129 129 129 128 128 127 126 126 125 125 126 126 127 128 129 131 133 134 135 136 137 138 139 140 140 142 143 144 146 147 149 150 151 152
136 136 135 135 134 133 133 133 132 131 130 130 129 129 129 128 128 128 127 128 128 128 127 127 128 128 128 128 128 127 128 128 128 128 128 129 129 129 129 129 128 128 128 128 127 127 127 128 129 130 131 132 134 135 136 137 138 139 140 141 142 142 144 146 147 149 150 151 152 153
136 137 136 136 136 135 134 134 133 132 131 131 130 130 130 130 129 129 128 128 128 128 128 128 129 128 128 128 128 128 128 129 129 129 128 128 129 129 129 129 129 130 129 129 128 128 129 130 131 132 133 134 135 136 137 138 139 140 142 142 143 144 145 147 149 150 151 152 154 155
138 137 137 137 136 136 135 134 134 133 132 132 131 131 131 131 130 130 129 129 129 129 129 129 129 129 129 128 128 128 129 129 129 129 129 129 129 130 130 130 130 130 130 130 130 130 131 132 133 134 135 136 137 138 139 140 141 141 142 143 144 145 147 148 150 151 153 154 155 156
139 138 138 138 137 137 136 135 135 134 134 133 133 132 132 132 131 131 130 130 130 129 129 130 129 129 129 129 129 128 129 129 129 129 129 129 129 130 130 131 131 131 131 131 132 132 132 133 135 136 137 138 139 140 141 142 143 144 144 145 146 146 148 149 151 152 154 155 157 157
139 139 139 138 138 138 138 137 136 135 135 134 134 133 133 133 132 132 131 131 130 130 130 130 130 129 129 129 129 129 129 129 129 129 129 129 129 130 131 131 132 132 133 133 133 133 134 136 137 138 139 140 141 142 143 144 145 146 146 147 148 148 150 151 152 154 155 157 158 159
140 140 140 139 139 139 139 138 138 137 136 136 135 135 134 134 133 133 132 132 131 131 131 131 130 130 129 129 129 129 129 129 129 129 129 129 130 130 131 132 132 133 134 134 135 136 136 138 139 140 141 142 143 144 145 146 146 147 148 149 150 150 151 153 154 155 157 158 159 160
141 141 140 140 140 140 140 139 139 138 137 137 137 136 136 135 134 134 133 133 132 132 132 131 130 130 129 129 129 129 129 129 129 129 129 130 130 131 132 133 134 134 135 136 137 138 139 140 141 142 143 144 144 145 146 147 148 149 150 151 151 152 153 155 156 157 158 160 161 162
141 142 141 141 141 141 141 140 140 139 139 138 138 137 137 136 136 135 134 134 133 133 133 132 131 131 130 129 129 129 129 130 130 130 130 130 131 132 133 134 136 137 138 139 139 140 141 141 143 144 144 145 146 147 148 149 150 151 152 152 153 154 155 156 158 159 160 161 162 163
142 142 142 142 142 142 141 141 141 141 140 140 139 139 138 138 137 136 135 135 134 133 133 133 132 131 131 130 130 130 130 130 130 130 130 131 132 134 135 136 138 138 140 141 142 142 142 143 144 145 146 147 148 148 149 150 151 152 153 154 155 155 156 158 159 161 162 163 164 165
143 143 143 143 143 142 142 142 142 142 142 141 141 140 140 139 138 137 137 136 135 135 134 133 133 132 131 131 131 130 130 131 131 131 132 132 133 135 136 138 139 140 141 142 143 144 144 145 146 147 148 149 149 150 151 152 153 154 154 155 156 157 158 159 161 162 164 165 166 166
143 144 143 143 143 143 143 143 143 143 143 142 142 142 141 140 139 139 138 137 137 136 135 135 133 133 132 132 131 132 131 132 132 133 133 134 135 136 138 139 140 142 143 144 145 146 146 147 148 149 149 150 151 152 153 154 154 155 156 157 157 158 159 161 162 164 165 166 167 168
144 144 144 144 144 144 144 144 144 144 143 143 143 143 142 142 141 140 139 139 138 137 137 135 134 133 133 133 132 132 132 133 133 134 135 135 136 138 139 140 142 143 145 146 147 148 148 149 149 150 151 152 153 153 154 155 156 157 157 158 159 160 161 162 164 165 167 168 168 169
144 144 145 145 145 144 144 144 144 144 144 144 144 144 144 143 142 141 140 140 139 138 137 136 135 135 134 134 134 134 134 134 135 135 136 137 138 139 140 142 143 145 146 148 149 150 150 150 151 152 152 153 154 155 156 156 157 158 159 159 160 161 162 163 165 166 167 169 170 170
145 145 145 145 145 145 145 145 145 145 145 145 145 145 144 144 143 143 142 141 140 139 138 138 137 136 135 135 135 135 136 136 136 137 137 139 139 140 142 143 145 146 147 149 150 151 151 152 152 153 154 155 155 156 157 158 159 159 160 161 161 162 163 165 166 167 168 170 171 171
145 145 145 145 145 146 146 146 146 146 146 146 146 145 145 145 144 144 143 142 141 140 139 139 138 137 137 136 136 137 137 137 138 139 139 140 141 142 143 144 146 147 148 149 151 152 152 153 154 155 156 156 157 158 159 159 160 161 161 162 163 164 165 166 168 169 170 171 172 172
