layers/bio13.asc
NCOLS 292 
NROWS 290 
XLLCORNER -87.625 
YLLCORNER 24.5 
CELLSIZE 0.0416666666666667 
NODATA_value -1.7e+308 
[rows 62 to 92 of 290, columns 140 to 209 of 292]
125 126 126 126 125 125 126 127 128 130 131 132 133 133 135 135 136 136 136 136 137 137 137 137 137 136 136 135 135 136 137 138 138 138 138 138 138 138 138 139 140 140 141 142 142 143 144 145 146 146 147 148 149 149 150 151 152 153 153 154 155 156 157 157 158 158 159 159 159 159
125 126 126 125 125 126 128 129 130 131 132 133 134 134 135 136 136 136 136 136 136 137 137 137 137 137 137 136 136 136 138 138 138 138 138 138 138 138 139 139 140 140 141 142 142 143 144 145 145 146 147 148 149 150 150 151 152 153 154 155 156 157 158 158 159 160 160 160 161 161
125 126 126 126 126 128 129 129 131 132 133 134 135 136 136 137 138 137 137 137 137 136 136 137 136 136 137 137 136 136 138 138 138 138 138 138 138 139 139 139 140 140 141 142 142 143 144 144 145 146 147 148 149 150 150 151 152 153 154 155 156 157 159 160 161 161 162 162 162 163
126 126 126 126 127 128 129 130 131 132 134 135 136 137 138 138 139 138 138 137 137 136 136 136 136 136 136 136 136 137 137 137 138 138 138 138 139 139 139 139 140 140 141 141 142 143 143 144 145 145 146 148 149 150 151 152 153 154 155 156 157 158 159 161 162 163 163 163 164 164
125 125 125 126 127 128 128 129 131 133 134 136 137 138 139 139 140 139 138 137 137 136 136 136 136 136 136 136 136 136 137 137 138 138 138 138 138 139 139 140 140 141 141 142 142 143 143 144 145 146 147 148 149 150 151 152 153 154 156 157 158 159 160 161 163 164 164 165 165 165
125 125 124 126 126 128 129 130 131 133 134 136 137 138 139 139 139 139 138 139 138 137 137 137 136 136 136 135 135 136 137 137 137 138 138 138 138 139 139 140 140 141 141 142 142 144 145 146 147 148 148 149 149 150 151 153 154 155 156 157 158 160 161 162 163 164 165 166 166 166
124 125 124 125 126 128 129 131 131 132 134 135 137 137 138 139 139 139 139 139 138 138 138 138 137 137 137 137 135 135 136 137 137 137 138 138 139 139 140 140 141 141 141 143 144 145 147 148 149 149 150 150 151 152 152 153 154 155 157 158 159 160 161 162 163 164 165 166 167 167
124 124 125 125 126 128 129 131 132 133 134 135 136 136 137 138 138 138 139 139 139 138 138 138 138 137 137 137 136 135 135 136 137 137 138 138 139 139 140 140 141 141 143 144 145 147 148 150 151 151 152 152 152 153 153 154 155 156 157 158 159 160 161 162 163 165 166 167 167 168
124 124 125 126 126 127 129 130 131 133 134 135 136 136 136 137 138 137 138 139 138 138 138 138 138 137 137 136 136 135 135 135 136 137 138 139 139 140 140 141 142 143 144 145 147 148 150 151 152 152 153 154 154 154 155 155 156 156 157 158 160 161 162 162 163 164 165 167 167 -1.7e+308
123 124 124 125 127 127 128 130 131 132 133 134 135 136 136 136 136 137 137 138 138 138 138 138 138 137 137 136 136 135 134 135 136 137 138 139 140 140 141 142 143 144 145 147 148 150 151 152 153 154 154 155 155 156 156 157 157 158 158 159 160 161 162 162 163 164 165 166 -1.7e+308 -1.7e+308
122 124 125 125 126 127 128 129 130 131 132 133 134 135 136 136 137 136 137 137 137 138 138 138 138 137 137 137 137 136 136 136 137 138 139 140 140 141 142 143 144 145 147 148 150 151 152 153 154 155 155 156 156 157 157 158 159 159 159 160 160 161 162 162 163 164 165 -1.7e+308 -1.7e+308 -1.7e+308
123 123 124 125 126 127 128 129 129 130 132 133 134 134 135 136 136 137 137 137 137 137 138 138 138 137 137 137 137 137 137 137 138 139 140 140 141 142 143 144 145 147 148 149 151 152 153 154 155 156 157 157 157 158 159 159 160 160 161 161 161 162 162 162 162 163 -1.7e+308 -1.7e+308 -1.7e+308 -1.7e+308
122 123 124 125 125 127 128 128 129 130 131 131 132 133 134 135 136 136 137 137 138 137 138 138 138 138 138 138 138 138 139 139 139 140 141 141 142 143 144 145 147 148 149 151 152 153 155 156 156 157 158 158 159 159 160 160 161 162 162 163 163 163 163 163 163 -1.7e+308 -1.7e+308 -1.7e+308 -1.7e+308 -1.7e+308
121 122 124 124 125 126 128 128 129 129 130 131 132 132 133 134 135 136 136 137 137 137 138 138 138 138 139 139 139 139 140 140 141 141 142 143 144 145 146 147 148 150 151 152 153 154 156 157 158 158 159 160 160 160 161 162 163 163 164 164 164 164 164 164 -1.7e+308 -1.7e+308 -1.7e+308 -1.7e+308 -1.7e+308 -1.7e+308
120 122 123 124 124 126 127 128 128 129 130 130 131 132 133 134 134 135 136 136 137 137 138 138 139 139 139 140 140 140 141 141 142 143 144 145 146 147 148 149 150 151 152 154 155 156 157 158 159 160 160 161 161 162 163 163 164 164 165 165 166 166 166 166 -1.7e+308 -1.7e+308 -1.7e+308 -1.7e+308 -1.7e+308 -1.7e+308
121 122 123 123 124 125 126 127 128 129 129 130 131 132 133 134 135 135 136 136 137 137 138 139 139 140 140 141 141 142 142 143 144 145 146 147 148 149 150 151 152 153 154 155 156 157 158 159 160 161 161 162 163 163 164 165 165 166 166 167 167 167 167 -1.7e+308 -1.7e+308 -1.7e+308 -1.7e+308 -1.7e+308 -1.7e+308 -1.7e+308
121 123 123 124 125 126 127 127 128 129 129 130 131 132 133 134 135 136 137 137 138 138 139 140 140 141 141 142 143 143 144 145 146 147 147 148 149 150 152 152 153 154 155 156 157 158 159 160 161 162 163 163 164 165 166 166 167 167 168 168 168 168 168 -1.7e+308 -1.7e+308 -1.7e+308 -1.7e+308 -1.7e+308 -1.7e+308 -1.7e+308
121 123 124 125 126 127 127 128 128 129 130 131 132 133 134 135 136 137 138 139 139 140 140 141 142 142 143 144 144 145 146 146 147 148 149 150 151 152 153 154 155 156 157 158 159 160 161 162 163 163 164 165 166 166 167 167 168 168 169 169 169 168 168 -1.7e+308 -1.7e+308 -1.7e+308 -1.7e+308 -1.7e+308 -1.7e+308 -1.7e+308
122 123 125 126 127 128 128 129 130 130 131 132 133 135 136 137 138 139 139 140 141 141 142 142 143 144 144 145 146 147 147 148 149 150 151 152 153 154 155 156 157 157 158 159 160 161 162 163 164 165 166 166 167 168 168 169 169 170 170 170 170 169 169 -1.7e+308 -1.7e+308 -1.7e+308 -1.7e+308 -1.7e+308 -1.7e+308 -1.7e+308
123 124 125 126 127 129 129 130 131 132 133 134 135 136 137 138 139 140 141 141 142 143 143 144 144 145 146 147 147 148 149 150 151 152 153 154 155 156 156 157 158 159 160 160 162 163 164 165 165 166 167 168 168 169 170 170 171 171 171 170 170 170 -1.7e+308 -1.7e+308 -1.7e+308 -1.7e+308 -1.7e+308 -1.7e+308 -1.7e+308 -1.7e+308
125 125 126 127 128 130 131 131 132 133 134 135 136 137 138 140 141 141 142 143 144 144 145 145 146 147 147 148 149 150 151 152 153 154 154 155 156 157 158 159 160 161 161 162 163 164 165 166 167 167 168 169 170 170 171 172 172 172 172 172 171 -1.7e+308 -1.7e+308 -1.7e+308 -1.7e+308 -1.7e+308 -1.7e+308 -1.7e+308 -1.7e+308 -1.7e+308
126 126 127 128 129 130 131 132 133 134 136 137 138 139 140 141 142 143 144 145 145 146 146 147 148 148 149 150 151 152 153 154 155 156 156 157 158 159 160 161 162 162 163 163 165 165 166 167 168 169 170 170 171 172 172 173 173 173 173 172 -1.7e+308 -1.7e+308 -1.7e+308 -1.7e+308 -1.7e+308 -1.7e+308 -1.7e+308 -1.7e+308 -1.7e+308 -1.7e+308
127 128 128 129 130 131 132 133 134 136 137 138 139 140 142 142 143 145 145 146 147 147 148 149 149 150 151 152 152 153 154 155 156 157 158 159 160 161 162 162 163 164 164 165 166 167 168 168 169 170 171 171 172 173 173 174 174 174 174 -1.7e+308 -1.7e+308 -1.7e+308 -1.7e+308 -1.7e+308 -1.7e+308 -1.7e+308 -1.7e+308 -1.7e+308 -1.7e+308 -1.7e+308
127 128 129 131 131 132 133 134 136 138 139 140 141 142 143 144 145 146 147 148 148 149 150 150 151 152 152 153 154 155 156 157 158 159 160 161 162 163 164 164 164 165 166 167 167 168 169 170 171 171 172 172 173 173 -1.7e+308 174 175 174 174 -1.7e+308 -1.7e+308 -1.7e+308 -1.7e+308 -1.7e+308 -1.7e+308 -1.7e+308 -1.7e+308 -1.7e+308 -1.7e+308 -1.7e+308
129 129 130 131 132 133 134 135 137 139 140 141 142 143 145 146 147 148 149 150 150 151 151 152 153 153 154 155 156 157 158 159 160 161 162 163 163 164 165 166 166 167 167 168 169 169 170 171 172 172 173 173 174 -1.7e+308 -1.7e+308 -1.7e+308 -1.7e+308 -1.7e+308 -1.7e+308 -1.7e+308 -1.7e+308 -1.7e+308 -1.7e+308 -1.7e+308 -1.7e+308 -1.7e+308 -1.7e+308 -1.7e+308 -1.7e+308 -1.7e+308
130 131 131 132 133 134 135 136 138 140 141 142 143 145 146 148 149 150 151 151 152 153 153 154 155 155 156 157 158 158 160 161 162 163 163 164 165 166 166 167 167 168 169 169 170 171 172 172 172 173 174 174 175 -1.7e+308 -1.7e+308 -1.7e+308 -1.7e+308 -1.7e+308 -1.7e+308 -1.7e+308 -1.7e+308 -1.7e+308 -1.7e+308 -1.7e+308 -1.7e+308 -1.7e+308 -1.7e+308 -1.7e+308 -1.7e+308 -1.7e+308
130 131 132 133 134 135 136 137 139 141 142 144 145 147 148 150 151 152 153 153 154 155 155 156 157 157 157 158 159 160 161 163 164 164 165 166 167 167 168 169 169 169 170 171 172 172 173 173 174 174 175 175 -1.7e+308 -1.7e+308 -1.7e+308 -1.7e+308 -1.7e+308 -1.7e+308 -1.7e+308 -1.7e+308 -1.7e+308 -1.7e+308 -1.7e+308 -1.7e+308 -1.7e+308 -1.7e+308 -1.7e+308 -1.7e+308 -1.7e+308 -1.7e+308
132 132 133 134 135 136 137 138 140 142 144 145 147 148 150 151 153 154 155 155 156 157 157 158 159 159 159 160 161 162 164 165 166 167 167 168 169 169 170 170 171 171 171 172 173 173 174 174 175 175 -1.7e+308 -1.7e+308 -1.7e+308 -1.7e+308 -1.7e+308 -1.7e+308 -1.7e+308 -1.7e+308 -1.7e+308 -1.7e+308 -1.7e+308 -1.7e+308 -1.7e+308 -1.7e+308 -1.7e+308 -1.7e+308 -1.7e+308 -1.7e+308 -1.7e+308 -1.7e+308
133 134 134 135 136 137 138 140 141 143 145 147 148 150 151 153 154 155 156 158 158 159 160 161 161 161 162 163 164 165 166 167 168 169 169 170 171 171 171 172 172 172 173 173 173 174 175 175 176 176 -1.7e+308 -1.7e+308 -1.7e+308 -1.7e+308 -1.7e+308 -1.7e+308 -1.7e+308 -1.7e+308 -1.7e+308 -1.7e+308 -1.7e+308 -1.7e+308 -1.7e+308 -1.7e+308 -1.7e+308 -1.7e+308 -1.7e+308 -1.7e+308 -1.7e+308 -1.7e+308
134 135 135 136 137 138 140 141 142 144 146 148 150 151 153 155 156 157 158 159 160 161 162 163 163 164 164 165 166 167 168 169 170 171 171 172 173 173 173 173 174 174 174 174 174 175 176 176 -1.7e+308 -1.7e+308 -1.7e+308 -1.7e+308 -1.7e+308 -1.7e+308 -1.7e+308 -1.7e+308 -1.7e+308 -1.7e+308 -1.7e+308 -1.7e+308 -1.7e+308 -1.7e+308 -1.7e+308 -1.7e+308 -1.7e+308 -1.7e+308 -1.7e+308 -1.7e+308 -1.7e+308 -1.7e+308
135 136 136 138 138 140 141 142 143 145 147 149 151 153 154 156 158 159 160 161 163 163 164 165 165 166 167 168 169 170 171 171 172 173 174 174 174 175 175 175 175 175 176 176 176 176 -1.7e+308 -1.7e+308 -1.7e+308 -1.7e+308 -1.7e+308 -1.7e+308 -1.7e+308 -1.7e+308 -1.7e+308 -1.7e+308 -1.7e+308 -1.7e+308 -1.7e+308 -1.7e+308 -1.7e+308 -1.7e+308 -1.7e+308 -1.7e+308 -1.7e+308 -1.7e+308 -1.7e+308 -1.7e+308 -1.7e+308 -1.7e+308
