layers/bio11.asc
NCOLS 292 
NROWS 290 
XLLCORNER -87.625 
YLLCORNER 24.5 
CELLSIZE 0.0416666666666667 
NODATA_value -1.7e+308 
[rows 62 to 92 of 290, columns 70 to 139 of 292]
55 54 55 54 55 56 56 56 55 56 57 57 57 57 58 58 59 58 59 59 61 61 62 63 63 64 64 64 66 66 66 66 66 65 65 66 66 67 67 66 66 67 66 67 68 68 69 68 69 69 69 69 68 68 69 68 68 67 67 67 67 67 67 66 67 67 67 67 68 69
55 56 56 56 57 57 58 57 56 56 57 57 58 59 60 60 60 59 61 61 61 63 63 64 65 64 65 64 65 66 67 66 67 66 66 66 67 66 67 66 67 66 67 68 68 69 68 68 69 69 70 70 70 68 69 69 68 67 67 68 68 67 67 67 68 68 68 68 68 68
57 58 58 57 58 59 59 58 58 58 58 58 59 60 60 61 60 60 60 62 63 63 64 65 65 66 66 66 66 66 67 68 68 67 67 66 67 67 66 67 68 68 68 69 68 69 68 68 69 69 69 70 69 70 69 69 69 68 68 68 68 67 68 68 69 69 69 68 68 68
59 59 58 59 60 60 61 60 59 60 59 58 59 60 61 61 60 62 62 62 63 64 64 64 65 66 67 67 67 67 67 68 68 68 68 68 67 67 68 68 69 68 69 69 68 69 69 68 69 69 70 69 69 70 69 69 69 69 68 68 68 68 69 69 69 69 69 68 68 68
59 60 60 60 62 62 62 62 61 60 60 60 60 61 62 63 62 63 63 64 64 64 66 65 66 67 67 68 68 69 68 68 69 70 70 69 68 68 68 68 69 69 69 68 68 68 68 69 70 70 70 69 69 70 70 69 69 70 69 69 69 70 69 69 69 69 68 68 68 68
59 60 61 62 63 62 62 62 61 61 61 62 62 62 63 64 64 64 65 65 64 66 67 66 66 67 68 68 69 69 69 69 70 70 70 69 68 68 68 69 69 70 69 68 69 69 69 70 70 70 70 69 69 69 69 69 69 70 70 70 70 70 69 68 69 69 69 68 68 69
60 61 63 64 63 63 62 62 62 62 62 63 63 63 63 65 65 65 66 66 65 67 68 67 67 68 69 69 69 69 70 70 70 71 71 69 69 69 69 70 70 69 70 70 70 70 70 70 70 70 70 70 69 70 69 70 70 70 70 70 70 70 69 69 70 70 70 69 68 69
62 64 64 64 63 63 63 64 64 65 65 65 65 65 64 65 65 67 67 67 67 68 69 68 68 69 69 69 70 71 71 72 72 71 72 71 70 70 69 70 70 70 70 71 71 71 71 71 71 71 71 71 71 71 71 71 71 70 70 71 70 70 71 71 71 71 70 69 70 71
64 64 64 64 64 64 64 65 65 65 65 65 66 67 66 66 66 66 68 68 67 68 69 68 69 69 70 71 71 72 72 73 72 72 72 71 71 70 70 70 71 71 72 72 72 72 72 72 72 72 72 72 72 72 72 71 70 69 70 71 71 71 72 72 72 72 71 71 71 73
64 64 64 64 64 64 65 65 65 66 66 66 66 66 67 67 68 67 69 69 68 69 69 70 70 71 71 71 71 72 72 72 73 73 73 72 72 71 70 70 70 71 72 72 72 72 72 73 73 73 72 72 72 71 70 70 70 70 71 72 73 72 72 72 73 71 71 73 73 74
64 64 64 64 65 66 66 66 66 66 67 67 68 67 68 69 68 68 69 70 70 70 70 70 71 72 71 72 73 72 73 73 73 74 73 73 72 71 71 70 70 71 72 72 72 72 72 73 73 72 73 73 72 72 70 71 71 72 72 72 73 73 73 74 73 73 72 74 74 75
64 64 65 66 66 66 67 67 67 67 68 68 68 68 68 69 69 69 70 71 70 71 71 71 72 73 74 73 74 74 73 74 74 74 74 73 72 72 72 71 71 72 73 73 72 72 73 73 73 73 73 72 73 72 71 71 72 72 72 73 73 72 73 74 75 74 74 76 76 75
65 66 66 66 67 67 67 68 67 67 67 68 68 68 69 70 70 71 71 72 71 72 72 72 73 73 74 74 74 75 74 75 74 75 75 74 74 73 72 72 72 72 73 73 74 73 72 73 73 73 73 73 73 73 72 72 73 72 73 73 72 72 73 74 75 77 77 77 75 75
66 66 67 67 67 68 67 68 67 67 67 67 68 68 69 69 70 71 72 73 73 73 73 74 75 75 75 76 75 76 75 75 74 75 75 74 75 74 73 73 73 73 73 74 74 74 74 74 74 74 74 74 74 73 73 73 73 72 73 73 72 73 74 75 77 78 79 77 76 77
67 68 68 68 68 68 68 68 68 68 68 68 68 68 69 70 71 71 72 73 74 74 74 75 75 76 76 76 77 76 76 75 75 76 76 76 76 75 74 75 74 74 73 74 75 75 75 75 75 75 75 75 75 75 74 74 74 73 73 73 74 75 75 76 78 79 80 79 77 78
68 68 69 69 69 69 69 69 69 68 69 69 69 69 69 71 72 72 73 74 75 75 75 75 77 77 78 77 77 77 77 76 76 76 76 75 75 76 76 76 76 75 74 75 76 76 76 76 76 76 76 75 76 76 75 75 75 75 75 75 75 75 76 77 78 79 80 80 79 79
69 69 68 69 70 70 70 70 69 69 69 70 70 71 71 71 71 72 73 74 76 76 76 77 77 78 78 78 78 78 78 78 77 76 77 77 77 77 77 77 76 75 75 75 77 76 77 77 76 77 76 75 75 76 76 77 77 76 76 76 75 75 76 77 77 79 80 80 81 81
70 70 70 70 71 70 71 71 70 69 68 70 70 71 72 72 72 73 74 74 76 77 78 77 78 78 79 79 79 78 79 79 78 78 78 79 78 77 76 77 76 76 76 77 77 77 78 77 77 77 77 77 77 77 76 77 77 77 78 77 76 77 77 78 78 78 79 80 81 82
71 71 71 71 72 72 72 71 70 69 69 70 71 71 72 73 72 73 74 76 77 78 77 78 78 79 79 79 78 79 80 80 79 80 80 79 79 78 76 76 76 77 77 76 77 77 77 78 77 78 78 79 78 77 77 78 78 78 79 79 79 78 78 79 79 79 79 80 81 82
71 72 72 72 72 72 71 71 70 71 71 71 71 72 73 73 74 74 75 76 78 79 78 78 79 78 79 80 79 80 80 81 81 81 80 80 79 78 77 77 78 78 78 77 77 78 78 79 78 79 79 79 79 79 79 80 79 79 79 79 79 80 79 79 79 79 80 80 81 82
72 72 72 73 73 73 72 72 71 71 72 72 72 73 73 74 75 76 76 76 78 79 79 80 80 79 80 81 81 81 81 81 81 80 80 81 81 79 79 77 78 79 79 78 77 78 78 80 80 79 79 80 80 80 81 81 80 80 80 80 79 80 80 80 80 80 80 80 81 82
73 74 73 74 74 74 73 73 73 72 73 73 73 74 75 74 74 76 77 78 79 79 80 80 80 80 80 81 81 81 81 81 81 81 82 82 81 80 80 79 79 80 80 80 79 78 79 79 80 81 80 81 81 82 82 82 81 81 81 80 81 81 81 80 80 81 82 82 82 83
74 74 74 74 75 74 74 74 73 74 74 75 74 74 74 74 75 76 76 78 79 80 81 81 81 81 80 80 81 81 81 82 83 83 82 83 82 81 81 80 80 80 80 80 80 79 79 79 80 81 82 82 82 83 84 83 83 82 82 82 82 82 82 81 81 81 82 83 84 84
75 75 75 75 75 75 74 74 74 74 75 75 74 75 75 76 76 77 77 78 79 81 82 82 82 82 82 82 81 81 82 82 82 83 83 83 83 83 83 82 81 82 82 81 80 79 80 80 81 82 82 83 84 84 85 85 84 84 83 83 83 83 83 83 82 82 83 83 84 85
75 75 76 76 77 76 73 74 74 76 77 76 76 76 76 76 77 78 79 79 80 81 82 83 82 83 83 82 82 83 83 83 83 83 84 84 84 84 84 83 83 83 82 80 80 80 80 81 82 82 83 84 84 85 85 86 85 85 84 83 84 84 84 84 84 83 83 84 85 85
75 76 76 75 75 75 75 76 77 78 77 77 77 77 77 77 78 79 80 81 81 81 82 83 84 84 84 84 83 83 83 84 85 85 85 85 85 85 85 85 83 83 82 81 81 80 81 81 82 83 83 84 85 85 86 86 86 86 85 84 85 85 85 85 85 85 85 86 86 87
75 75 75 75 77 77 78 78 79 79 79 78 79 78 79 79 80 80 81 82 83 82 82 84 85 85 85 84 83 84 84 85 85 86 86 86 85 85 85 85 85 84 83 82 81 81 81 82 82 83 84 85 85 86 86 86 87 86 86 86 86 86 86 86 87 87 87 87 87 88
72 75 76 77 77 79 79 80 80 80 81 81 81 80 80 80 81 82 82 83 84 84 84 85 84 86 86 85 85 85 86 85 86 86 86 87 87 86 85 85 86 86 84 83 82 82 82 82 83 84 85 85 86 87 87 87 88 88 88 87 87 87 88 87 88 88 89 88 88 89
77 78 77 78 79 80 81 82 82 82 83 82 82 82 82 81 82 82 84 84 84 84 86 85 86 86 88 87 86 86 87 87 87 87 87 87 87 86 86 86 86 86 85 83 84 83 84 84 84 85 85 86 86 87 87 88 88 88 89 89 89 89 89 89 90 90 90 89 89 90
77 78 79 79 80 81 82 82 83 83 84 83 83 83 83 83 82 83 83 84 85 86 86 87 88 88 89 88 86 86 87 87 88 88 88 88 88 87 87 85 85 86 85 85 85 84 84 85 85 85 86 87 87 87 87 88 88 89 89 90 90 90 90 90 91 91 91 91 91 91
79 80 81 81 81 81 81 83 84 84 85 85 85 84 84 83 84 83 84 85 86 87 87 87 87 88 89 89 88 88 87 87 88 88 88 88 88 88 87 87 86 87 86 85 85 85 85 85 86 86 87 87 88 88 88 88 89 89 90 90 89 90 90 90 91 92 92 92 92 92
