layers/bio18.asc
NCOLS 292 
NROWS 290 
XLLCORNER -87.625 
YLLCORNER 24.5 
CELLSIZE 0.0416666666666667 
NODATA_value -1.7e+308 
[rows 62 to 92 of 290, columns 140 to 209 of 292]
338 342 345 349 349 352 356 358 361 366 369 370 372 372 376 377 378 378 377 377 380 381 382 382 383 380 380 379 379 381 386 389 389 390 391 392 391 391 392 394 394 395 396 397 397 398 399 400 402 403 405 409 411 413 416 418 421 424 424 427 429 431 433 434 436 437 439 439 441 442
341 345 349 350 354 357 362 365 368 370 371 373 375 375 377 379 378 378 377 378 379 381 382 382 383 385 385 382 382 383 389 390 391 392 393 394 393 393 395 396 397 396 398 400 399 401 402 404 404 406 408 410 413 416 417 420 423 425 427 430 431 433 436 437 438 440 441 442 443 445
345 348 351 355 358 363 366 366 369 373 375 377 379 380 381 382 384 382 380 381 381 381 382 383 383 383 386 387 384 386 391 391 393 393 395 396 396 397 397 397 399 399 401 401 402 403 405 406 407 410 412 413 416 418 420 422 424 427 428 431 433 435 438 440 442 443 444 445 446 447
349 353 356 359 362 364 366 367 371 374 377 381 383 384 386 386 389 386 385 383 383 382 382 384 384 384 385 386 386 389 391 392 394 395 396 397 399 398 399 399 401 401 402 403 405 406 407 408 410 411 413 416 418 421 422 425 428 429 432 434 436 437 440 443 444 446 446 446 448 449
351 354 356 361 364 365 365 367 372 376 378 384 387 388 391 391 393 390 388 385 385 383 384 384 384 385 386 387 387 389 393 393 396 396 397 398 398 401 400 402 402 404 404 406 408 409 410 411 412 414 416 419 421 423 425 428 430 432 435 437 438 441 443 444 447 448 448 449 450 451
353 354 356 362 362 367 370 371 373 378 381 385 387 388 393 392 392 392 390 391 390 387 388 388 386 387 388 387 388 391 394 395 396 399 399 399 399 402 403 405 405 407 407 409 409 412 413 414 415 417 420 422 423 426 428 431 434 435 437 439 441 444 445 447 448 449 450 451 452 452
353 356 358 361 362 368 371 374 375 377 380 383 388 388 391 393 393 393 394 393 392 392 393 393 391 392 391 393 389 390 395 396 397 398 400 401 403 403 405 406 408 408 409 412 412 414 416 417 420 421 423 424 426 429 431 434 435 437 441 442 444 445 447 448 449 450 451 452 452 454
354 357 360 361 364 368 372 377 379 382 383 384 386 388 390 393 393 393 395 395 395 394 395 394 395 394 395 395 392 391 393 396 399 399 401 402 405 405 407 408 410 410 413 414 415 417 418 421 423 424 426 427 429 432 433 436 438 441 442 444 445 447 448 450 450 452 453 454 453 456
356 358 363 366 366 367 373 376 379 383 385 387 389 389 388 391 393 392 394 396 396 394 396 396 396 395 396 395 395 394 394 395 398 400 403 405 406 408 409 411 414 414 415 417 418 419 421 423 425 426 429 431 433 434 436 438 441 442 445 446 449 450 452 451 452 452 453 455 455 -1.7e+308
355 360 362 365 369 370 372 376 380 381 384 386 389 390 391 390 391 393 394 396 396 395 396 398 398 397 397 396 397 396 395 396 399 402 404 406 409 409 412 415 415 417 418 420 421 423 425 426 428 430 431 433 436 438 439 441 443 445 448 449 450 452 453 453 454 454 455 456 -1.7e+308 -1.7e+308
354 361 365 367 368 371 372 374 378 381 383 385 387 390 392 393 394 393 394 395 395 397 397 399 398 397 398 399 399 399 399 400 402 405 406 409 410 412 414 417 418 420 422 424 426 426 428 429 431 433 434 436 438 440 441 443 447 448 449 452 453 454 456 455 456 456 457 -1.7e+308 -1.7e+308 -1.7e+308
357 362 365 368 370 373 375 377 377 379 384 386 388 389 392 394 395 397 396 397 396 396 399 399 399 398 400 401 402 403 403 404 405 408 410 411 414 416 418 419 421 423 425 426 429 431 431 432 434 436 438 438 439 442 445 446 449 450 452 455 456 457 457 457 457 457 -1.7e+308 -1.7e+308 -1.7e+308 -1.7e+308
355 361 365 368 369 373 377 377 379 381 382 384 386 389 391 395 397 397 399 399 400 398 400 400 401 402 403 403 405 406 408 408 409 412 413 414 416 419 421 422 425 427 428 431 432 434 436 436 437 439 440 441 443 444 447 448 451 454 455 457 458 460 460 460 461 -1.7e+308 -1.7e+308 -1.7e+308 -1.7e+308 -1.7e+308
356 360 365 365 368 373 377 379 381 382 383 386 389 389 391 394 397 398 399 402 401 400 402 402 404 404 406 407 408 409 411 412 415 415 417 419 420 422 425 427 429 431 433 434 435 437 438 440 441 441 443 445 445 446 449 451 454 456 458 459 460 461 462 463 -1.7e+308 -1.7e+308 -1.7e+308 -1.7e+308 -1.7e+308 -1.7e+308
355 361 365 367 368 373 376 380 381 384 386 387 389 392 393 395 396 399 401 401 403 402 404 405 407 407 409 410 412 412 415 415 418 420 423 425 426 428 430 432 433 435 436 439 440 441 442 442 444 445 446 447 448 451 453 454 456 458 460 462 464 465 466 466 -1.7e+308 -1.7e+308 -1.7e+308 -1.7e+308 -1.7e+308 -1.7e+308
357 361 365 365 369 372 376 379 381 384 386 389 392 394 396 399 401 401 402 403 405 404 406 408 409 411 411 414 414 417 418 420 423 424 427 429 431 433 435 436 438 439 441 442 443 444 445 445 446 447 448 449 451 453 455 457 458 460 462 465 466 468 467 -1.7e+308 -1.7e+308 -1.7e+308 -1.7e+308 -1.7e+308 -1.7e+308 -1.7e+308
355 362 363 366 370 375 377 380 382 385 387 390 393 396 398 401 403 404 406 405 407 407 409 410 412 414 414 417 420 420 422 424 427 429 430 433 435 437 439 440 441 443 444 446 447 447 448 448 449 450 451 452 453 456 458 459 461 462 465 467 468 469 469 -1.7e+308 -1.7e+308 -1.7e+308 -1.7e+308 -1.7e+308 -1.7e+308 -1.7e+308
354 360 364 368 373 375 377 381 383 387 389 391 395 397 400 402 405 406 408 409 410 410 411 413 415 417 420 421 423 425 427 428 431 433 435 438 440 441 443 444 446 447 449 450 451 450 451 452 453 453 454 455 456 457 459 461 463 464 467 468 469 468 470 -1.7e+308 -1.7e+308 -1.7e+308 -1.7e+308 -1.7e+308 -1.7e+308 -1.7e+308
355 360 365 369 374 377 378 382 385 387 391 394 397 401 404 406 408 410 411 412 413 413 415 416 418 421 422 425 427 429 431 433 436 438 439 442 444 446 447 449 450 450 452 453 452 453 453 454 455 456 457 457 458 460 462 463 464 466 468 470 470 470 472 -1.7e+308 -1.7e+308 -1.7e+308 -1.7e+308 -1.7e+308 -1.7e+308 -1.7e+308
356 360 365 369 374 379 381 383 388 391 394 396 399 402 405 408 410 412 414 414 416 418 419 420 421 424 427 429 431 433 436 438 441 443 446 447 449 450 451 452 453 455 455 454 456 456 457 456 456 457 458 460 460 462 463 465 467 468 469 469 470 471 -1.7e+308 -1.7e+308 -1.7e+308 -1.7e+308 -1.7e+308 -1.7e+308 -1.7e+308 -1.7e+308
360 362 366 369 375 381 385 385 389 393 396 399 402 405 408 411 414 415 416 419 420 422 424 424 426 428 430 433 435 437 441 443 446 448 448 450 453 454 454 456 457 458 456 456 457 458 458 458 459 459 460 461 462 463 465 467 468 468 469 470 470 -1.7e+308 -1.7e+308 -1.7e+308 -1.7e+308 -1.7e+308 -1.7e+308 -1.7e+308 -1.7e+308 -1.7e+308
362 365 369 372 375 379 383 388 391 395 399 403 406 408 411 414 417 419 421 423 424 426 427 429 431 433 435 437 440 442 445 447 450 452 453 455 456 457 459 460 461 459 459 458 459 458 459 459 460 460 461 463 464 465 466 468 469 470 471 471 -1.7e+308 -1.7e+308 -1.7e+308 -1.7e+308 -1.7e+308 -1.7e+308 -1.7e+308 -1.7e+308 -1.7e+308 -1.7e+308
366 369 371 374 377 380 385 389 393 397 402 405 408 410 414 416 418 423 424 426 428 429 431 433 436 438 440 443 444 446 448 451 453 455 458 459 461 462 463 463 463 462 461 460 460 460 460 460 460 461 463 463 464 465 467 468 469 470 471 -1.7e+308 -1.7e+308 -1.7e+308 -1.7e+308 -1.7e+308 -1.7e+308 -1.7e+308 -1.7e+308 -1.7e+308 -1.7e+308 -1.7e+308
365 369 373 379 381 384 386 391 397 402 405 408 411 414 417 420 422 425 428 430 431 433 435 438 440 442 444 446 448 451 452 454 457 459 461 462 464 465 467 466 464 463 463 462 460 461 461 461 462 463 464 464 465 465 -1.7e+308 468 470 470 471 -1.7e+308 -1.7e+308 -1.7e+308 -1.7e+308 -1.7e+308 -1.7e+308 -1.7e+308 -1.7e+308 -1.7e+308 -1.7e+308 -1.7e+308
369 372 375 379 382 385 388 392 398 404 408 409 413 416 420 423 426 430 432 434 435 438 439 442 445 446 449 451 453 455 456 458 460 462 464 465 465 467 468 467 466 465 463 463 462 461 461 462 462 462 464 464 465 -1.7e+308 -1.7e+308 -1.7e+308 -1.7e+308 -1.7e+308 -1.7e+308 -1.7e+308 -1.7e+308 -1.7e+308 -1.7e+308 -1.7e+308 -1.7e+308 -1.7e+308 -1.7e+308 -1.7e+308 -1.7e+308 -1.7e+308
372 375 377 380 384 387 390 394 400 405 408 411 415 419 424 427 431 433 435 438 440 442 443 447 449 450 454 455 457 457 459 461 463 464 465 466 467 469 468 468 466 465 465 462 461 462 462 462 461 462 464 465 466 -1.7e+308 -1.7e+308 -1.7e+308 -1.7e+308 -1.7e+308 -1.7e+308 -1.7e+308 -1.7e+308 -1.7e+308 -1.7e+308 -1.7e+308 -1.7e+308 -1.7e+308 -1.7e+308 -1.7e+308 -1.7e+308 -1.7e+308
373 376 380 383 386 389 393 396 402 407 410 415 418 423 426 432 435 437 440 441 444 447 448 451 454 455 457 458 459 461 461 464 465 466 467 468 468 468 469 468 467 466 465 463 462 461 461 462 462 463 464 465 -1.7e+308 -1.7e+308 -1.7e+308 -1.7e+308 -1.7e+308 -1.7e+308 -1.7e+308 -1.7e+308 -1.7e+308 -1.7e+308 -1.7e+308 -1.7e+308 -1.7e+308 -1.7e+308 -1.7e+308 -1.7e+308 -1.7e+308 -1.7e+308
378 379 382 386 388 392 395 398 404 409 415 418 423 426 431 434 438 442 444 445 448 450 453 455 457 459 460 461 462 463 465 466 467 469 468 469 470 469 469 468 468 466 464 463 462 461 461 461 463 463 -1.7e+308 -1.7e+308 -1.7e+308 -1.7e+308 -1.7e+308 -1.7e+308 -1.7e+308 -1.7e+308 -1.7e+308 -1.7e+308 -1.7e+308 -1.7e+308 -1.7e+308 -1.7e+308 -1.7e+308 -1.7e+308 -1.7e+308 -1.7e+308 -1.7e+308 -1.7e+308
381 384 385 388 391 395 397 402 406 410 416 421 425 429 432 438 440 443 446 450 451 453 457 459 460 461 463 464 465 466 467 468 468 470 470 471 470 470 468 469 467 466 464 462 460 460 461 460 462 463 -1.7e+308 -1.7e+308 -1.7e+308 -1.7e+308 -1.7e+308 -1.7e+308 -1.7e+308 -1.7e+308 -1.7e+308 -1.7e+308 -1.7e+308 -1.7e+308 -1.7e+308 -1.7e+308 -1.7e+308 -1.7e+308 -1.7e+308 -1.7e+308 -1.7e+308 -1.7e+308
384 387 389 392 393 397 401 405 408 413 418 423 428 432 436 441 444 447 449 452 455 457 459 463 463 465 465 467 467 468 469 469 470 471 470 471 472 471 470 468 468 466 464 463 461 460 459 460 -1.7e+308 -1.7e+308 -1.7e+308 -1.7e+308 -1.7e+308 -1.7e+308 -1.7e+308 -1.7e+308 -1.7e+308 -1.7e+308 -1.7e+308 -1.7e+308 -1.7e+308 -1.7e+308 -1.7e+308 -1.7e+308 -1.7e+308 -1.7e+308 -1.7e+308 -1.7e+308 -1.7e+308 -1.7e+308
386 389 391 395 397 401 404 406 409 415 420 425 430 434 439 443 447 450 453 455 459 460 462 465 466 467 469 470 470 472 471 471 471 472 473 472 471 471 470 469 467 466 466 464 463 461 -1.7e+308 -1.7e+308 -1.7e+308 -1.7e+308 -1.7e+308 -1.7e+308 -1.7e+308 -1.7e+308 -1.7e+308 -1.7e+308 -1.7e+308 -1.7e+308 -1.7e+308 -1.7e+308 -1.7e+308 -1.7e+308 -1.7e+308 -1.7e+308 -1.7e+308 -1.7e+308 -1.7e+308 -1.7e+308 -1.7e+308 -1.7e+308
