layers/bio17.asc
NCOLS 292 
NROWS 290 
XLLCORNER -87.625 
YLLCORNER 24.5 
CELLSIZE 0.0416666666666667 
NODATA_value -1.7e+308 
[rows 0 to 30 of 290, columns 140 to 209 of 292]
-1.7e+308 -1.7e+308 297 298 288 283 277 272 270 266 260 258 256 251 248 245 247 246 244 245 247 -1.7e+308 -1.7e+308 -1.7e+308 -1.7e+308 -1.7e+308 -1.7e+308 -1.7e+308 -1.7e+308 -1.7e+308 -1.7e+308 -1.7e+308 -1.7e+308 -1.7e+308 -1.7e+308 -1.7e+308 -1.7e+308 -1.7e+308 -1.7e+308 -1.7e+308 -1.7e+308 -1.7e+308 -1.7e+308 -1.7e+308 -1.7e+308 -1.7e+308 -1.7e+308 -1.7e+308 -1.7e+308 -1.7e+308 -1.7e+308 -1.7e+308 -1.7e+308 -1.7e+308 -1.7e+308 -1.7e+308 -1.7e+308 -1.7e+308 -1.7e+308 -1.7e+308 -1.7e+308 -1.7e+308 -1.7e+308 -1.7e+308 -1.7e+308 -1.7e+308 -1.7e+308 -1.7e+308 -1.7e+308 -1.7e+308
-1.7e+308 -1.7e+308 288 292 289 283 276 276 272 267 265 264 265 259 258 261 257 253 250 252 253 246 245 248 249 251 252 255 257 261 268 271 269 268 268 267 266 268 266 265 263 262 260 257 258 258 254 254 253 253 251 251 251 252 252 254 254 252 251 251 252 252 253 255 255 254 254 252 254 255
-1.7e+308 -1.7e+308 291 288 289 282 276 280 273 275 271 269 273 275 276 267 261 258 256 258 255 250 251 251 252 254 255 256 258 262 267 267 267 266 266 266 265 267 264 264 264 262 259 257 256 256 254 252 251 252 252 254 254 251 254 253 251 251 252 251 253 252 255 254 253 254 255 255 255 255
-1.7e+308 -1.7e+308 294 287 289 293 286 289 281 276 274 276 277 278 281 277 272 267 263 261 255 254 253 253 254 256 256 259 260 262 264 265 267 268 266 264 263 263 263 261 261 259 257 255 254 254 253 250 252 254 254 254 254 253 251 251 252 251 254 253 253 253 254 255 254 256 255 256 257 256
-1.7e+308 -1.7e+308 293 304 300 304 293 290 285 280 285 283 281 281 271 263 262 259 265 267 259 256 255 258 257 259 258 262 261 261 262 264 266 268 268 269 272 266 261 259 258 257 254 253 252 252 251 252 254 255 254 252 252 251 252 253 253 253 252 253 253 254 254 256 256 257 259 259 259 256
-1.7e+308 -1.7e+308 307 313 303 304 297 294 288 287 284 279 278 272 267 263 259 259 259 260 259 258 258 259 259 259 260 261 263 261 261 265 264 266 266 266 263 263 261 257 254 255 253 253 253 252 252 253 254 255 254 254 252 252 253 253 252 253 253 253 253 254 256 255 255 257 259 259 259 257
297 310 314 310 300 299 296 294 293 292 284 272 269 268 268 265 261 260 261 263 261 260 261 259 260 260 261 262 262 261 262 263 263 261 264 263 261 260 258 255 253 254 253 255 254 253 254 254 254 253 253 254 252 251 253 252 255 256 253 253 254 254 256 255 257 258 258 258 258 256
294 311 313 305 300 299 300 302 299 290 280 268 267 272 265 266 264 263 264 264 263 262 262 261 260 260 260 260 260 260 261 261 261 263 263 261 258 255 255 253 255 254 253 255 254 254 253 253 253 253 252 251 251 252 255 252 254 254 255 255 256 256 258 257 259 259 258 258 257 257
297 308 313 304 307 299 303 299 284 283 275 276 269 266 267 267 268 267 264 263 262 262 263 263 263 263 262 263 264 263 261 261 259 262 260 260 259 256 256 254 254 253 252 254 252 253 252 253 253 252 252 253 252 251 253 252 252 253 253 256 256 257 258 259 259 259 260 259 258 255
303 309 316 311 311 290 284 287 285 274 274 270 270 271 269 270 267 266 266 265 265 266 267 266 266 264 262 263 263 262 260 260 259 260 258 258 257 257 256 255 254 253 252 252 252 251 251 251 251 250 251 251 250 250 251 252 251 251 253 254 255 257 257 258 258 259 259 259 257 257
312 315 321 318 312 299 285 277 278 276 270 268 271 270 269 269 271 272 273 272 271 268 267 266 265 264 263 262 261 261 259 259 258 259 258 257 257 257 256 255 254 254 253 251 251 250 251 251 252 251 251 250 251 251 250 250 251 251 252 253 255 256 258 258 259 259 259 258 258 255
317 302 296 305 294 288 277 282 276 274 269 270 270 273 272 277 279 277 275 274 271 269 267 267 266 263 262 261 260 260 258 258 258 258 257 258 257 256 255 254 255 254 252 251 250 250 251 250 250 250 250 251 251 251 251 251 250 250 251 252 254 256 257 257 259 259 259 260 260 255
299 284 280 284 288 290 282 279 269 271 273 276 272 277 278 285 287 283 278 272 269 268 268 266 265 265 264 262 261 260 259 259 258 257 257 257 256 256 256 255 255 254 252 251 249 250 250 251 251 250 250 249 249 250 250 250 250 250 250 253 254 256 257 257 258 260 259 258 257 254
290 290 279 275 283 283 272 273 275 274 275 282 283 282 284 281 278 277 276 272 271 269 269 267 264 264 264 262 260 259 259 259 258 258 257 257 256 256 257 256 255 255 253 252 251 251 251 250 250 250 250 249 250 250 249 249 250 250 251 252 254 255 257 258 258 257 258 258 256 253
286 293 276 275 277 274 276 279 274 280 284 285 277 276 276 277 275 275 275 274 272 269 267 267 265 263 264 262 261 258 258 259 257 257 257 257 258 258 257 257 256 256 255 255 252 252 251 252 253 251 251 250 252 250 250 252 250 251 251 252 254 254 255 256 257 256 254 252 253 250
294 284 273 273 275 272 271 273 282 282 280 278 277 274 275 276 273 274 273 270 269 267 267 266 265 263 262 261 261 259 258 259 259 258 257 259 259 259 257 255 255 256 257 255 253 252 252 252 253 252 252 252 252 251 252 253 255 253 251 251 253 253 254 254 254 254 251 249 249 249
286 275 275 275 273 272 274 280 277 277 277 274 281 275 275 276 275 273 270 268 267 266 266 265 263 263 262 261 260 260 259 258 258 258 258 259 259 259 257 255 257 258 256 255 254 253 251 252 251 253 253 252 253 253 254 254 253 252 251 252 251 252 253 253 252 252 249 247 248 245
276 274 277 276 272 276 277 277 276 275 275 275 276 276 272 274 274 272 271 270 268 267 266 266 264 262 261 260 259 259 258 257 258 257 258 260 259 257 255 257 258 259 257 253 253 254 251 251 252 254 253 252 253 255 255 254 254 253 252 253 252 251 251 253 254 252 246 246 245 245
278 276 277 276 278 277 276 276 277 275 273 274 274 274 273 271 272 272 271 270 268 267 266 265 265 263 262 260 258 258 257 256 257 258 259 258 259 257 258 259 259 257 254 252 253 252 253 252 252 254 252 252 255 255 254 254 254 255 253 253 252 251 250 251 251 250 245 244 245 245
279 279 279 277 278 278 278 276 275 274 274 275 275 274 273 273 271 271 270 270 267 267 267 264 263 262 260 259 259 257 256 255 256 258 258 258 259 257 259 260 258 254 252 252 252 252 252 252 253 251 252 252 254 254 255 255 254 255 255 253 252 251 250 249 251 249 245 245 244 245
281 279 281 283 288 285 286 280 277 277 277 277 275 273 273 271 269 269 269 268 268 268 266 263 263 262 260 259 258 256 256 256 254 257 255 257 257 259 259 259 257 257 254 252 251 252 252 254 254 253 250 250 252 254 255 255 254 254 255 252 252 250 250 250 247 247 243 244 244 245
282 284 285 288 289 288 284 281 280 276 276 274 274 274 274 271 272 269 268 267 267 266 266 266 264 262 259 258 258 257 255 254 255 256 256 256 257 257 258 257 257 257 254 251 250 252 255 257 254 253 253 250 252 253 254 258 256 254 252 251 248 249 249 248 246 243 244 243 244 245
291 301 302 295 292 287 285 282 281 279 275 272 273 273 273 273 272 272 270 267 265 265 266 265 265 262 261 259 260 258 256 256 256 256 256 255 255 256 256 256 257 255 252 252 252 254 257 257 254 253 253 252 252 252 253 255 253 251 252 250 248 248 247 247 244 243 242 244 243 244
315 321 318 311 295 289 285 283 282 280 277 273 272 271 273 273 273 270 268 267 264 265 266 266 264 264 263 262 261 259 259 258 259 258 256 255 255 256 256 256 256 254 252 252 252 257 257 257 256 254 253 252 250 252 253 253 252 251 250 249 247 246 246 245 242 240 241 242 242 244
304 305 310 310 294 290 287 286 283 281 279 273 271 271 273 273 275 270 267 265 264 265 264 265 264 263 264 264 262 261 260 260 258 258 256 256 255 254 256 256 257 258 254 252 257 259 257 257 256 253 253 252 250 251 252 252 252 249 246 245 245 242 243 243 241 240 240 242 243 246
296 294 293 291 289 288 285 285 283 280 278 273 272 272 274 271 270 267 268 265 264 263 264 263 263 261 263 261 261 260 260 258 258 258 258 257 255 255 255 256 256 257 254 253 259 258 257 257 256 254 252 250 250 251 251 251 249 249 245 245 245 243 244 242 241 241 242 241 242 243
299 295 290 289 289 285 285 284 283 280 278 273 270 272 272 268 268 267 264 265 263 263 263 261 260 260 261 260 260 259 258 258 258 257 257 257 255 255 256 256 254 255 253 254 257 257 257 257 255 253 253 252 251 250 248 248 247 244 244 245 245 245 242 245 245 244 243 241 239 240
309 300 294 291 288 287 287 284 284 279 276 273 271 271 270 268 266 264 263 264 263 263 262 260 259 259 258 258 259 257 257 257 257 256 256 255 255 255 256 256 254 256 252 256 261 257 256 255 256 254 253 252 250 251 251 249 245 244 245 245 245 245 245 244 242 242 243 242 240 242
301 299 296 294 292 286 286 284 283 280 276 273 270 267 265 267 266 264 263 262 262 262 262 259 259 257 257 258 258 257 257 257 255 255 255 255 255 253 253 255 254 254 253 258 258 256 255 255 256 254 253 253 251 251 250 247 246 245 245 245 245 245 243 241 241 239 239 239 239 239
301 297 295 295 290 285 286 283 280 278 278 276 273 269 265 263 265 262 261 260 260 261 260 260 258 256 255 254 256 256 255 257 255 255 253 255 255 253 253 254 254 253 258 260 258 257 255 255 257 256 254 253 254 251 248 247 247 248 248 245 244 243 241 240 239 237 237 235 237 236
301 298 293 293 289 285 285 281 276 278 279 274 270 267 264 264 264 263 260 260 260 261 260 259 257 254 255 253 254 254 254 254 255 256 255 253 253 253 255 255 253 254 258 258 256 256 255 256 257 258 258 255 254 251 250 250 248 248 245 243 242 241 240 239 236 236 237 236 235 235
