layers/bio1.asc
NCOLS 292 
NROWS 290 
XLLCORNER -87.625 
YLLCORNER 24.5 
CELLSIZE 0.0416666666666667 
NODATA_value -1.7e+308 
[rows 0 to 30 of 290, columns 140 to 209 of 292]
-1.7e+308 -1.7e+308 90 89 95 99 102 104 104 106 108 107 107 108 109 109 108 107 109 108 108 -1.7e+308 -1.7e+308 -1.7e+308 -1.7e+308 -1.7e+308 -1.7e+308 -1.7e+308 -1.7e+308 -1.7e+308 -1.7e+308 -1.7e+308 -1.7e+308 -1.7e+308 -1.7e+308 -1.7e+308 -1.7e+308 -1.7e+308 -1.7e+308 -1.7e+308 -1.7e+308 -1.7e+308 -1.7e+308 -1.7e+308 -1.7e+308 -1.7e+308 -1.7e+308 -1.7e+308 -1.7e+308 -1.7e+308 -1.7e+308 -1.7e+308 -1.7e+308 -1.7e+308 -1.7e+308 -1.7e+308 -1.7e+308 -1.7e+308 -1.7e+308 -1.7e+308 -1.7e+308 -1.7e+308 -1.7e+308 -1.7e+308 -1.7e+308 -1.7e+308 -1.7e+308 -1.7e+308 -1.7e+308 -1.7e+308
-1.7e+308 -1.7e+308 98 95 97 100 104 103 105 106 107 106 103 106 105 102 104 107 109 107 107 123 126 126 128 129 131 131 132 131 126 127 130 131 132 133 134 133 133 133 134 135 135 137 136 135 138 139 139 140 141 142 141 141 142 141 141 143 144 144 143 143 143 142 142 142 142 143 142 141
-1.7e+308 -1.7e+308 99 100 99 102 106 102 106 104 106 106 103 100 98 103 106 107 109 108 114 123 126 128 130 130 130 133 133 132 129 131 132 133 134 135 135 133 134 135 134 135 136 137 137 138 139 141 141 141 141 140 141 142 141 142 143 144 143 144 143 143 143 143 143 142 142 142 141 141
-1.7e+308 -1.7e+308 99 103 100 98 102 99 103 105 107 105 103 101 98 100 103 105 107 110 123 126 128 130 131 132 132 132 133 133 132 134 133 133 134 136 136 136 136 137 136 137 139 139 140 140 141 142 141 140 140 140 142 142 143 143 143 144 143 143 144 143 143 143 143 142 141 141 141 141
-1.7e+308 -1.7e+308 101 93 96 92 99 101 103 106 103 103 104 102 109 117 118 122 113 110 124 128 130 130 131 132 134 132 133 135 135 135 134 134 133 132 129 134 138 139 139 139 141 142 142 142 142 141 141 140 141 142 142 143 143 142 143 143 144 144 143 143 143 142 143 142 141 140 140 142
-1.7e+308 -1.7e+308 92 87 96 94 100 101 105 105 107 109 111 115 120 124 127 127 127 127 129 130 131 132 132 133 135 134 134 136 136 134 136 135 135 136 136 136 138 140 141 142 142 142 141 142 142 141 141 141 141 142 143 143 143 143 143 143 143 144 143 143 143 143 143 142 141 141 141 142
102 92 89 93 101 101 104 105 105 104 110 120 122 124 123 126 129 130 130 129 130 132 132 134 135 135 136 136 136 137 137 137 138 138 137 138 139 139 141 142 143 143 142 141 141 142 141 141 142 142 142 142 143 143 143 143 142 142 143 144 143 144 143 143 142 142 142 142 142 143
107 94 94 101 103 104 104 102 104 109 116 126 127 123 129 130 131 132 131 131 132 134 134 136 137 137 138 138 138 139 139 140 140 139 138 139 141 143 143 143 143 142 142 141 141 141 142 142 143 143 143 144 144 143 143 143 144 143 143 143 143 143 143 143 142 142 143 143 143 143
108 100 97 104 102 107 105 106 117 118 125 124 129 131 131 132 131 132 134 134 135 136 136 136 136 137 137 138 137 138 139 140 141 140 141 141 142 143 143 144 143 143 142 142 142 143 143 143 143 143 143 143 143 144 144 144 144 144 144 143 143 143 142 142 142 143 143 142 143 144
106 102 98 101 102 116 120 118 120 127 127 131 131 131 133 133 134 135 135 135 135 135 133 135 135 137 139 138 139 140 140 141 142 142 143 143 143 143 143 143 143 144 143 143 143 144 144 144 144 144 144 144 145 145 145 145 145 145 144 144 144 143 143 143 143 143 143 143 144 144
101 100 97 100 103 112 122 127 126 128 132 134 133 134 135 136 134 133 131 131 133 134 136 136 138 138 139 140 141 142 143 143 144 143 144 144 144 144 144 144 144 143 144 144 144 144 145 144 144 144 144 145 145 145 146 146 146 146 145 145 145 144 143 143 143 144 144 144 145 146
98 111 117 110 118 122 128 126 129 132 135 135 136 134 135 132 129 131 131 132 133 135 136 137 138 140 141 141 142 143 144 144 144 144 145 145 145 145 146 145 145 144 145 144 145 145 144 145 145 145 146 145 146 146 146 146 146 147 146 146 145 144 144 144 144 144 144 144 145 146
115 125 128 126 124 123 127 129 136 135 134 132 136 133 131 126 124 127 131 135 137 138 138 138 140 139 140 142 142 143 145 145 145 145 146 146 147 146 146 146 146 145 146 146 146 145 146 146 146 146 146 146 147 147 147 147 147 147 147 146 145 144 144 144 144 144 145 146 147 148
123 123 130 132 128 129 135 134 134 135 134 130 129 131 129 131 133 133 134 136 137 138 138 139 141 141 142 143 143 144 145 145 146 146 147 147 147 147 147 147 147 147 147 147 147 147 147 147 147 147 147 147 147 147 147 147 148 147 147 146 145 145 144 144 144 145 146 146 147 148
127 124 134 135 133 135 134 133 136 133 130 131 135 136 136 135 137 137 136 136 137 139 140 140 141 142 141 142 144 145 146 145 147 147 148 148 148 147 148 148 148 148 148 148 149 148 148 147 147 147 147 147 146 147 147 147 147 147 147 147 146 146 145 145 146 146 147 149 148 149
125 131 137 137 137 138 139 139 133 133 134 136 137 138 138 137 138 138 138 139 140 141 141 142 142 142 143 144 144 145 146 147 147 148 149 148 148 148 149 149 149 149 148 149 149 149 149 148 147 147 147 147 147 147 147 146 145 146 147 148 147 147 146 146 147 147 149 150 150 150
131 138 138 138 139 141 139 136 137 138 138 139 136 139 139 139 139 140 141 141 142 142 142 143 143 143 143 145 145 145 146 147 147 148 149 149 149 149 150 150 150 149 149 149 150 150 149 149 149 148 147 147 147 147 146 146 147 147 147 147 148 147 147 147 148 148 150 151 150 151
139 140 139 140 142 140 140 140 140 140 141 141 140 140 142 141 141 141 141 141 142 142 142 143 144 144 145 145 146 146 147 148 148 149 149 149 150 150 151 150 150 149 150 151 151 150 150 150 149 148 148 149 148 146 146 146 146 147 147 147 148 148 148 147 147 148 151 152 152 151
140 141 141 142 141 141 141 142 142 142 143 143 143 143 143 143 143 142 142 142 142 143 143 143 143 144 144 146 146 147 147 148 148 148 149 150 150 151 150 150 150 151 152 152 151 151 150 150 150 149 149 149 147 147 147 147 146 146 147 147 148 148 149 148 149 150 152 152 152 151
140 141 142 142 142 143 143 143 144 144 144 143 143 143 144 144 144 144 143 143 143 143 143 144 144 145 145 146 146 147 148 148 148 149 150 150 150 151 150 149 151 152 153 153 152 151 152 151 150 150 150 150 148 147 146 146 147 147 147 147 148 148 149 150 149 150 153 152 152 152
141 143 142 141 138 140 139 142 144 144 144 143 144 145 145 145 145 145 145 144 144 144 145 145 145 146 146 146 147 147 147 148 149 150 151 151 151 151 150 150 151 151 152 154 153 153 152 150 150 151 151 151 149 148 147 146 147 147 146 148 148 149 150 150 151 152 153 153 153 152
142 141 141 139 139 140 141 143 144 145 146 146 146 145 145 146 145 145 146 146 145 145 145 145 146 146 147 147 147 147 148 149 149 150 151 151 151 151 151 151 151 151 153 154 154 153 151 150 150 151 151 151 150 149 148 146 147 148 148 149 150 150 150 150 152 153 153 153 153 153
139 133 133 137 139 141 142 144 144 145 146 148 147 147 146 146 145 145 146 146 147 146 146 146 146 147 147 147 147 147 148 148 149 150 150 151 152 151 151 152 151 152 154 154 154 152 150 150 151 152 151 151 151 150 149 148 148 149 149 150 151 151 151 151 153 154 154 153 154 154
127 124 125 129 139 142 144 145 145 146 147 148 148 148 147 146 145 146 147 147 148 148 147 146 147 147 147 147 147 148 148 148 148 150 150 151 151 152 152 152 152 153 154 155 153 151 151 151 151 152 152 152 152 151 150 150 150 150 151 151 152 152 152 153 154 155 155 154 155 154
136 135 132 131 140 142 143 144 146 146 147 149 149 149 147 147 146 147 148 149 148 148 148 147 148 148 147 147 148 148 148 148 149 150 151 151 151 152 152 152 151 151 153 155 152 151 151 152 152 153 153 152 153 152 151 151 151 151 153 153 154 154 153 154 155 155 155 155 154 153
143 143 144 145 145 145 146 146 147 148 148 150 150 149 148 148 148 149 149 149 150 150 149 149 149 149 148 149 149 149 149 149 149 150 150 150 151 152 152 152 152 151 153 154 151 151 152 152 152 153 153 153 153 153 152 152 152 153 154 154 154 154 154 154 155 154 154 155 154 154
143 144 147 147 147 148 147 147 147 148 149 150 151 149 149 150 150 150 150 150 151 150 150 150 150 150 150 150 150 150 150 150 150 150 151 151 152 152 152 152 153 153 155 154 152 152 153 153 153 153 153 154 153 154 154 154 154 155 154 154 154 153 154 153 153 153 154 155 156 155
139 144 146 147 148 149 148 148 148 149 150 150 151 150 150 150 151 151 151 151 151 151 151 151 151 151 152 151 151 152 151 151 151 152 151 152 152 152 151 152 154 153 155 154 151 153 153 154 153 154 154 154 154 154 154 154 155 155 155 154 154 153 153 153 154 154 153 154 155 155
145 146 147 147 148 149 149 149 148 149 150 150 151 151 152 151 151 152 152 152 152 152 151 152 152 152 152 152 152 152 152 152 152 152 152 152 153 153 153 153 154 154 155 152 153 154 154 154 153 154 154 154 154 153 154 155 155 155 154 154 153 153 154 155 155 155 155 155 156 156
147 148 148 148 149 150 149 149 150 150 149 149 150 151 152 152 152 153 153 153 153 153 152 151 152 153 153 153 153 153 153 152 153 152 153 152 152 153 154 153 155 156 153 152 153 154 155 155 154 154 154 154 153 154 155 155 155 154 154 154 154 154 155 155 155 156 156 157 156 157
148 149 150 149 150 151 150 150 151 150 149 151 151 152 153 153 153 153 154 154 154 153 152 152 153 153 153 153 154 153 153 154 153 152 152 154 154 155 154 154 156 156 154 154 155 155 156 155 153 153 153 153 154 155 155 155 154 154 155 155 156 155 156 155 156 156 156 156 157 157
