layers/bio17.asc
NCOLS 292 
NROWS 290 
XLLCORNER -87.625 
YLLCORNER 24.5 
CELLSIZE 0.0416666666666667 
NODATA_value -1.7e+308 
[rows 93 to 123 of 290, columns 70 to 139 of 292]
239 237 235 236 234 233 229 226 226 225 222 219 216 214 214 213 211 213 214 211 212 209 207 205 204 204 202 202 207 208 210 213 215 215 215 216 215 213 213 214 212 211 210 210 211 211 211 209 208 209 210 209 208 208 209 211 213 212 215 217 219 219 221 220 220 219 220 217 217 218
235 235 234 233 235 232 231 227 226 224 221 217 216 215 212 209 209 210 211 210 211 209 209 208 205 205 200 200 204 206 207 211 215 214 214 214 215 214 214 214 213 211 208 211 209 209 211 210 208 208 207 209 208 207 207 210 210 211 212 214 217 218 219 220 220 220 220 219 217 216
227 227 227 228 227 229 227 225 223 220 219 217 213 211 211 207 208 212 211 209 209 207 207 206 205 204 201 200 203 206 209 212 214 215 213 213 212 213 213 214 213 212 211 208 209 209 208 209 209 206 205 207 206 206 206 207 209 209 211 213 215 216 217 220 221 220 221 219 218 215
222 222 222 223 224 227 227 223 219 220 220 218 215 212 208 207 205 208 210 209 207 206 205 205 204 204 203 202 203 205 209 211 214 213 213 213 213 212 212 211 212 211 210 208 208 209 207 207 208 206 205 204 205 204 206 206 206 208 209 212 214 216 217 219 220 221 221 218 218 215
217 218 219 221 223 225 227 223 219 216 218 217 214 212 209 206 203 207 208 208 205 204 204 203 203 203 203 202 202 205 208 211 212 213 212 212 213 212 212 211 210 210 209 207 207 206 206 205 206 206 205 203 203 203 203 204 206 208 209 210 213 216 216 218 219 220 220 218 218 215
218 220 220 222 222 222 225 223 220 216 213 213 212 210 207 204 203 205 206 205 203 204 204 203 203 202 203 206 204 205 208 211 212 213 213 212 212 211 210 210 209 208 209 207 205 204 204 204 203 204 202 203 202 201 201 204 205 207 208 212 212 215 216 218 220 220 219 218 217 215
212 214 216 219 222 219 222 218 217 216 213 210 210 207 206 203 203 205 205 204 203 203 202 202 203 202 203 205 206 206 209 210 212 212 212 212 212 211 211 210 209 208 206 205 204 203 203 202 201 202 202 201 201 202 203 202 203 206 207 209 212 215 216 218 220 219 217 217 215 215
213 216 218 221 220 218 216 217 215 212 210 208 206 206 204 202 203 204 203 204 203 203 203 205 204 204 206 206 205 209 211 211 213 213 212 212 212 212 211 210 209 209 208 205 204 202 200 198 200 199 201 201 200 200 201 203 204 204 207 209 212 214 216 218 218 218 217 216 214 214
214 219 217 219 220 216 215 214 214 212 211 209 207 204 203 200 202 202 202 201 204 206 205 206 206 207 206 208 206 210 211 212 212 213 212 212 211 212 211 211 210 209 207 206 204 202 200 198 198 197 197 198 200 199 200 201 205 205 206 208 212 214 215 217 218 218 217 215 213 212
211 215 215 215 219 217 214 213 211 210 208 206 206 204 202 200 200 201 200 201 202 205 204 205 205 206 208 209 209 210 210 211 210 212 213 212 211 211 210 209 209 206 206 205 203 200 198 195 194 195 196 198 197 199 199 201 202 204 207 207 210 214 215 216 218 216 216 215 212 211
213 215 213 215 216 217 215 214 212 212 209 208 206 206 203 199 199 201 200 201 203 203 204 204 205 205 206 208 209 211 211 211 212 212 213 212 212 210 210 208 208 205 204 204 201 198 198 196 196 192 194 195 197 199 199 201 201 203 206 207 210 213 215 218 215 215 214 213 212 211
213 214 213 213 214 215 213 213 211 211 209 207 205 204 201 199 199 200 201 201 202 202 204 204 205 206 207 207 209 209 209 210 210 211 211 213 212 209 210 209 206 205 202 201 200 199 196 194 193 191 191 193 195 198 199 200 201 203 205 207 209 213 215 217 215 214 214 213 211 209
213 212 213 213 214 214 213 210 211 210 208 207 206 203 203 201 199 200 200 200 201 202 203 205 206 205 207 208 210 209 209 209 210 211 212 212 212 209 207 207 206 204 202 200 199 198 195 194 190 189 190 193 195 198 198 200 201 204 204 207 208 212 214 215 215 213 212 211 210 209
214 213 211 214 213 212 213 212 210 208 207 207 205 205 204 202 199 199 199 200 201 201 203 204 205 206 206 207 208 207 208 208 207 209 210 210 211 208 207 207 203 203 201 200 199 196 194 193 191 189 188 192 194 195 197 200 201 204 205 207 208 211 214 216 216 215 213 211 210 208
214 214 213 211 213 212 212 211 210 208 206 206 205 205 204 203 200 199 199 200 200 200 202 204 207 206 207 206 207 207 207 206 206 207 208 210 209 208 207 204 204 203 201 198 198 197 195 192 192 190 189 193 196 195 197 198 200 203 205 207 208 211 215 215 216 214 213 212 211 208
215 214 212 211 210 212 210 211 210 208 206 205 205 204 202 201 201 199 200 200 201 201 201 203 206 207 207 207 208 207 207 206 206 205 206 208 206 208 207 205 204 203 201 198 198 196 196 194 193 192 191 193 195 196 198 198 201 203 204 207 208 212 214 215 215 214 213 212 211 209
214 215 215 213 212 209 212 211 210 208 207 203 203 202 202 201 199 199 198 199 200 200 201 203 204 206 208 208 207 207 207 206 205 205 205 205 206 206 206 204 204 202 202 200 198 197 195 195 194 193 192 194 196 195 197 199 200 203 206 207 209 210 214 214 214 213 212 211 211 208
214 217 215 214 214 211 211 210 209 207 206 203 202 203 202 202 201 200 199 199 199 200 201 204 206 206 206 208 209 208 208 206 206 205 203 204 205 206 206 204 204 203 202 199 198 197 196 196 194 195 194 194 194 196 198 197 200 202 205 206 209 211 214 214 214 214 213 212 212 208
217 216 215 215 214 212 209 209 209 207 206 205 203 202 202 201 201 201 199 199 200 201 202 204 206 206 208 208 207 208 208 206 206 205 204 203 204 205 206 205 202 201 202 200 198 199 199 198 195 196 195 195 196 196 198 198 200 201 203 205 208 210 214 214 214 214 213 212 211 208
219 217 216 215 215 213 210 208 207 207 205 204 203 203 203 202 201 201 200 201 201 202 202 205 206 206 208 208 207 207 208 206 206 204 204 203 202 203 204 205 203 202 201 199 199 200 197 196 197 198 199 198 199 198 200 201 203 203 205 206 209 210 212 213 212 212 213 211 211 208
220 218 217 214 214 213 212 209 209 206 205 205 204 202 202 203 202 202 201 202 202 202 204 205 206 206 208 208 207 207 208 208 206 205 204 204 203 203 204 204 204 201 202 201 200 198 198 200 201 200 200 201 200 201 201 202 203 203 205 207 209 211 213 213 212 212 211 210 210 209
221 218 217 215 215 214 213 211 209 208 206 205 204 204 202 202 202 201 201 201 203 203 204 207 207 207 207 208 207 207 208 208 207 205 205 204 204 204 203 202 202 202 201 200 199 200 201 202 202 201 202 202 201 202 201 203 203 204 205 207 210 212 214 216 212 212 211 211 210 209
222 220 217 215 215 214 212 211 210 209 206 206 204 204 204 204 202 202 202 202 203 205 207 207 207 207 207 208 207 208 207 208 208 207 207 206 206 205 204 203 203 201 201 200 201 203 204 203 203 203 202 201 201 203 202 203 205 205 207 208 210 212 216 216 215 214 212 212 210 209
221 220 219 217 215 215 212 211 210 208 207 206 204 205 204 204 202 203 204 204 204 206 208 209 209 209 208 207 207 208 208 209 209 209 208 208 208 206 205 206 205 205 204 204 205 205 204 204 202 203 203 202 203 203 204 204 206 205 207 209 211 213 216 216 215 214 213 212 211 209
222 220 218 217 216 213 212 211 211 209 209 207 207 205 204 204 204 204 204 205 205 206 209 210 208 209 209 209 208 208 207 207 209 209 209 209 209 208 208 207 208 206 207 206 206 205 205 206 205 204 204 203 204 204 204 205 206 208 208 210 211 214 218 217 216 215 214 213 212 211
222 222 219 217 217 214 213 212 211 211 210 207 207 205 205 205 204 205 205 205 207 207 209 209 209 209 210 210 209 208 208 209 210 210 209 209 209 209 208 208 207 208 207 207 206 206 207 207 206 205 205 205 205 206 205 207 207 209 210 212 214 216 218 217 216 215 216 215 213 212
223 221 219 218 216 214 214 212 212 211 210 209 208 205 205 205 205 206 207 208 209 210 210 211 209 210 210 209 210 210 209 209 209 209 211 210 210 209 209 208 209 208 208 207 207 208 207 207 207 206 207 206 206 207 208 209 210 210 212 213 215 217 217 216 217 216 215 215 213 212
222 221 219 219 216 215 214 213 212 212 210 210 209 209 206 206 208 208 209 210 211 211 212 211 211 210 210 211 210 210 209 209 210 210 211 209 210 209 209 209 209 209 208 208 207 208 208 208 208 208 208 207 207 208 210 212 212 214 215 216 218 217 218 216 216 216 215 214 212 212
222 220 220 218 217 216 215 214 213 213 211 211 212 210 209 209 209 210 210 211 212 212 212 212 211 212 211 212 213 211 211 210 211 211 210 210 210 210 210 209 210 209 209 210 209 209 209 209 210 210 210 208 209 210 211 213 215 217 217 218 218 217 217 217 217 216 214 214 213 212
224 221 221 219 218 217 216 216 214 213 214 212 212 211 211 211 211 211 213 214 213 212 212 214 212 211 212 212 213 213 212 211 210 209 210 211 211 210 210 210 209 210 210 210 211 211 211 212 211 211 212 212 212 214 215 217 218 220 219 218 217 216 216 216 216 216 214 213 213 213
225 224 221 220 220 218 217 217 216 215 214 214 213 212 211 212 212 214 215 214 213 213 212 213 213 212 214 213 213 212 212 212 212 211 211 210 211 211 211 210 210 212 210 211 212 212 212 213 213 214 214 215 215 217 218 221 220 220 220 218 218 218 217 216 216 215 214 214 214 213
