layers/bio14.asc
NCOLS 292 
NROWS 290 
XLLCORNER -87.625 
YLLCORNER 24.5 
CELLSIZE 0.0416666666666667 
NODATA_value -1.7e+308 
[rows 128 to 159 of 290, columns 72 to 143 of 292]
58 58 57 57 57 57 56 56 56 55 55 55 56 56 56 56 56 56 56 56 56 56 56 56 56 56 56 56 56 56 56 56 55 56 56 56 56 56 56 57 57 57 58 58 59 60 60 61 62 63 64 66 67 67 67 66 66 66 66 65 65 65 65 64 64 64 64 63 62 61 60 59
59 58 58 58 58 57 57 57 56 56 56 56 57 56 56 56 56 56 56 56 56 56 56 56 56 56 56 56 56 56 56 55 55 55 55 56 56 56 56 57 57 57 58 58 59 60 60 61 62 63 64 65 66 67 67 67 66 66 66 66 66 65 65 64 64 64 63 63 62 61 60 59
59 59 59 58 58 58 58 57 57 57 57 57 57 57 57 56 56 56 56 56 57 56 56 56 56 56 56 56 56 56 56 55 55 55 55 55 56 56 56 56 57 57 58 58 59 60 60 61 62 63 64 65 66 66 66 67 67 66 66 66 66 65 65 64 64 63 63 62 61 61 60 59
60 60 59 59 59 59 58 58 58 58 58 58 58 57 57 57 57 56 56 57 57 57 57 57 56 56 57 56 56 56 56 55 55 55 55 55 55 55 56 56 57 57 58 58 59 59 60 61 62 63 63 64 65 65 66 66 66 66 66 66 66 65 65 64 64 63 63 62 61 60 60 59
61 61 60 60 60 59 59 59 59 59 59 59 58 58 57 57 57 57 57 57 57 57 57 57 57 57 57 57 56 56 56 56 55 55 55 55 55 55 56 56 56 57 57 58 58 59 60 60 61 62 63 63 64 65 65 65 65 65 66 66 65 65 64 64 63 63 63 62 61 60 60 59
62 61 61 61 61 60 60 60 60 60 60 59 59 58 58 58 57 57 57 57 57 58 58 57 57 58 57 57 57 57 56 55 55 55 55 55 55 55 55 56 56 57 57 58 58 59 59 60 61 62 62 63 63 64 64 64 65 65 65 65 65 64 64 64 63 62 62 61 61 60 60 59
63 62 62 62 62 61 61 62 61 61 60 60 59 59 58 58 57 57 57 58 58 58 58 58 58 58 58 57 57 57 56 56 55 55 55 55 55 55 55 56 56 56 57 57 58 59 59 60 60 61 61 62 63 63 64 64 64 64 65 65 65 64 64 63 62 62 61 61 60 60 59 59
64 63 63 63 63 63 63 62 62 61 61 60 60 59 59 58 58 58 58 58 59 59 58 59 59 59 58 58 57 57 57 56 56 55 55 55 55 55 55 56 56 56 57 57 58 58 59 59 60 60 61 62 62 63 63 63 63 64 64 65 64 64 63 63 62 62 61 60 60 60 59 59
65 65 64 64 64 64 64 63 63 62 62 61 61 60 59 59 59 59 58 59 59 60 60 60 59 59 59 59 58 57 57 56 56 56 55 55 55 55 55 56 56 56 57 57 57 58 58 59 60 60 61 61 61 62 62 63 63 63 64 64 64 64 63 63 62 61 60 60 60 59 59 58
66 66 66 66 66 65 65 64 63 63 62 62 61 61 60 60 60 59 59 60 60 60 60 61 60 60 60 59 58 58 57 57 57 56 56 55 55 55 55 55 56 56 56 57 57 58 58 59 59 60 60 61 61 61 62 62 62 63 63 64 64 63 63 62 61 61 60 59 59 59 58 58
68 68 68 67 66 66 66 65 64 64 63 63 62 62 62 61 61 60 60 60 60 61 61 61 61 61 60 60 59 59 58 57 57 56 56 55 55 55 55 55 56 56 56 56 57 57 58 58 59 59 60 60 60 61 61 62 62 62 63 64 64 63 62 61 61 60 59 59 58 58 58 58
70 69 69 68 68 67 66 66 65 64 64 64 64 63 63 62 62 61 61 61 61 61 61 62 62 61 61 60 59 59 58 58 57 57 56 56 55 55 55 55 55 56 56 56 57 57 58 58 58 59 59 60 60 60 61 61 62 62 63 63 63 62 61 61 60 59 59 58 58 57 57 57
71 70 70 69 68 68 68 67 66 65 65 65 65 64 63 63 62 62 62 62 61 62 62 62 62 62 61 61 60 59 59 58 57 57 56 56 55 55 55 55 55 55 56 56 56 57 57 58 58 59 59 59 60 60 60 61 61 62 62 63 63 62 61 60 60 59 58 57 57 57 56 56
71 71 70 70 69 69 68 67 67 67 66 66 65 65 64 64 63 63 63 62 62 62 62 62 62 62 62 61 60 59 59 58 58 57 56 56 55 55 55 55 55 55 55 56 56 57 57 57 58 58 59 59 59 60 60 61 61 62 62 62 62 61 60 60 59 58 57 57 56 56 56 56
72 72 71 70 70 70 69 68 68 67 67 66 66 65 65 65 64 64 64 63 63 63 63 62 62 62 62 61 61 60 59 58 57 57 56 56 55 55 55 55 55 55 55 56 56 56 57 57 58 58 58 59 59 59 60 60 61 62 62 62 61 60 59 59 58 57 56 55 55 55 55 55
73 72 72 71 71 71 70 69 69 69 68 67 67 67 66 65 65 64 64 64 64 63 63 63 62 62 62 62 61 60 59 58 57 57 56 56 55 55 55 54 54 55 55 55 56 56 57 57 58 58 58 59 59 59 60 60 61 61 61 61 60 59 59 58 57 56 55 55 54 54 54 54
74 73 73 73 72 72 71 71 70 70 69 68 68 67 67 65 65 65 65 64 64 63 63 63 62 62 62 62 61 60 59 58 57 57 56 56 55 55 54 54 54 54 55 55 56 56 57 57 57 58 58 58 59 59 59 60 60 61 61 61 60 59 58 57 56 55 54 54 53 53 53 53
75 74 74 74 73 72 72 72 72 71 69 69 68 68 67 67 67 66 65 64 64 64 63 63 63 62 62 62 61 60 59 58 57 57 56 55 55 54 54 54 54 54 55 55 56 56 57 57 57 58 58 58 58 59 59 59 60 61 61 60 59 58 57 56 55 55 53 53 52 52 52 52
76 75 75 75 74 74 73 73 73 71 71 70 69 68 68 67 67 67 66 65 64 64 63 63 63 62 62 61 61 60 59 58 57 56 56 55 55 54 54 54 54 54 55 55 56 56 57 57 58 58 58 58 58 58 59 59 60 60 60 60 59 58 57 56 55 54 53 52 52 51 52 52
77 76 76 76 76 75 74 74 73 72 71 70 69 69 68 68 67 67 66 65 64 64 63 63 62 62 62 61 61 60 59 58 57 56 56 55 55 54 54 54 54 54 55 55 56 56 57 57 58 58 58 58 58 58 58 59 59 60 60 59 58 57 56 56 54 53 53 52 51 51 51 51
78 78 77 77 77 76 75 74 74 73 72 71 70 69 69 68 68 67 66 65 65 64 63 63 62 62 61 61 60 59 59 58 57 56 55 55 54 54 54 54 54 54 55 55 56 57 57 58 58 58 58 58 58 58 58 58 58 59 59 59 58 57 56 55 54 53 53 52 51 51 51 51
79 78 78 78 77 77 76 75 74 73 72 71 70 69 69 68 67 67 66 65 64 64 63 63 62 62 61 60 60 59 58 57 57 56 55 55 54 54 54 54 54 54 54 55 56 57 57 58 58 59 58 58 58 57 57 57 57 57 58 58 57 56 55 55 54 53 52 52 51 51 51 51
80 79 79 78 78 77 76 75 74 74 72 71 71 70 69 68 67 66 66 65 64 64 63 62 62 61 61 60 59 59 58 57 56 56 55 55 54 54 54 54 54 54 55 55 56 57 58 59 59 59 59 58 58 57 57 57 56 56 57 58 58 57 55 55 54 53 52 52 51 51 50 50
80 80 79 79 78 77 76 76 75 74 73 72 71 70 69 68 67 66 66 65 64 63 63 62 61 61 60 60 59 58 58 57 56 55 55 54 54 53 53 53 54 54 55 56 56 57 58 59 60 60 59 59 58 57 57 56 56 55 55 57 57 57 55 55 54 53 52 52 51 50 50 50
81 80 80 79 78 78 77 76 75 74 73 72 71 70 69 68 67 67 66 65 64 63 62 62 61 60 60 59 59 58 57 56 56 55 54 54 53 53 53 53 54 54 55 56 57 58 59 60 60 60 60 59 58 57 56 56 55 54 55 56 57 57 55 55 54 53 52 52 51 50 50 50
81 81 80 80 79 78 77 76 75 74 73 72 71 70 69 68 68 67 66 65 64 63 62 61 61 60 59 59 58 58 57 56 55 55 54 53 53 53 53 53 53 54 55 55 56 58 59 60 60 60 60 59 58 57 56 55 55 54 55 56 57 57 55 55 54 53 52 52 51 51 50 51
81 81 81 80 79 78 77 76 76 75 73 72 71 70 70 69 68 67 66 65 64 63 62 61 60 60 59 59 58 57 57 56 55 54 54 53 53 52 52 52 53 53 54 55 56 57 58 59 59 60 59 58 57 56 55 55 54 54 55 56 57 57 56 55 54 53 53 52 52 51 51 51
81 81 81 80 79 78 77 77 76 74 73 72 72 71 69 68 68 67 66 65 64 63 62 61 60 59 59 58 58 57 56 56 55 54 53 53 52 52 51 52 52 52 53 54 55 56 57 58 59 59 58 57 57 56 55 54 54 54 54 55 57 57 56 55 54 54 53 53 52 52 52 52
81 81 81 80 80 79 78 76 -1.7e+308 -1.7e+308 -1.7e+308 -1.7e+308 -1.7e+308 -1.7e+308 -1.7e+308 -1.7e+308 67 67 66 65 64 63 62 61 60 59 59 58 58 57 56 55 54 54 53 52 51 51 51 51 51 51 52 53 53 54 55 56 57 57 57 57 56 55 55 54 54 54 54 55 56 57 57 55 55 54 54 54 53 53 53 53
80 80 80 80 80 79 78 -1.7e+308 -1.7e+308 -1.7e+308 -1.7e+308 -1.7e+308 -1.7e+308 -1.7e+308 -1.7e+308 -1.7e+308 -1.7e+308 -1.7e+308 65 65 64 63 62 61 60 59 59 58 57 57 56 55 54 53 52 51 51 50 50 49 49 50 50 51 52 53 54 55 55 56 56 56 55 55 54 54 53 53 53 54 55 57 57 56 55 55 55 55 54 54 54 54
80 80 80 79 79 79 78 -1.7e+308 -1.7e+308 -1.7e+308 -1.7e+308 -1.7e+308 -1.7e+308 -1.7e+308 -1.7e+308 -1.7e+308 -1.7e+308 -1.7e+308 -1.7e+308 -1.7e+308 63 63 62 61 60 60 59 58 58 57 56 55 54 53 52 51 50 49 48 48 48 48 49 50 51 52 52 53 54 54 55 55 55 54 54 54 53 53 53 53 54 56 58 57 56 56 55 55 55 55 55 55
80 79 79 79 79 78 78 -1.7e+308 -1.7e+308 -1.7e+308 -1.7e+308 -1.7e+308 -1.7e+308 -1.7e+308 -1.7e+308 -1.7e+308 -1.7e+308 -1.7e+308 -1.7e+308 -1.7e+308 -1.7e+308 -1.7e+308 62 61 60 60 59 58 58 57 56 55 54 52 51 50 48 48 47 47 47 47 48 48 49 50 51 52 53 53 54 54 54 54 54 54 54 54 53 53 53 56 58 57 57 56 56 56 56 56 56 56
