layers/bio11.asc
NCOLS 292 
NROWS 290 
XLLCORNER -87.625 
YLLCORNER 24.5 
CELLSIZE 0.0416666666666667 
NODATA_value -1.7e+308 
[rows 0 to 30 of 290, columns 140 to 209 of 292]
-1.7e+308 -1.7e+308 -7 -8 -2 2 4 6 6 7 9 9 9 9 10 10 9 8 10 9 8 -1.7e+308 -1.7e+308 -1.7e+308 -1.7e+308 -1.7e+308 -1.7e+308 -1.7e+308 -1.7e+308 -1.7e+308 -1.7e+308 -1.7e+308 -1.7e+308 -1.7e+308 -1.7e+308 -1.7e+308 -1.7e+308 -1.7e+308 -1.7e+308 -1.7e+308 -1.7e+308 -1.7e+308 -1.7e+308 -1.7e+308 -1.7e+308 -1.7e+308 -1.7e+308 -1.7e+308 -1.7e+308 -1.7e+308 -1.7e+308 -1.7e+308 -1.7e+308 -1.7e+308 -1.7e+308 -1.7e+308 -1.7e+308 -1.7e+308 -1.7e+308 -1.7e+308 -1.7e+308 -1.7e+308 -1.7e+308 -1.7e+308 -1.7e+308 -1.7e+308 -1.7e+308 -1.7e+308 -1.7e+308 -1.7e+308
-1.7e+308 -1.7e+308 2 -2 0 3 6 5 7 9 9 8 6 8 7 4 6 8 10 8 8 22 24 24 26 27 28 28 29 28 24 25 28 28 29 30 30 29 30 30 31 32 32 34 33 33 34 36 36 37 38 38 38 37 38 37 37 39 39 39 39 39 38 37 37 37 38 38 37 37
-1.7e+308 -1.7e+308 2 3 3 5 8 5 8 7 8 9 6 2 1 5 7 9 10 9 14 22 24 26 28 28 28 30 31 29 27 29 29 30 31 31 32 30 31 32 31 32 33 34 35 35 36 38 38 38 39 37 38 38 38 38 39 39 39 40 39 39 38 38 39 38 38 38 37 37
-1.7e+308 -1.7e+308 2 6 4 2 5 3 6 8 10 8 6 4 1 3 5 7 8 11 21 24 26 27 29 29 30 30 31 31 30 31 30 31 31 33 33 33 33 34 33 34 36 36 37 37 38 39 38 38 38 38 39 39 39 40 39 40 39 39 40 39 39 39 39 37 37 37 37 37
-1.7e+308 -1.7e+308 5 -3 0 -4 3 4 6 9 6 7 7 5 11 17 18 21 14 11 23 26 28 28 29 30 31 30 31 33 33 32 31 31 30 30 27 32 35 36 36 36 38 39 39 39 39 39 39 38 39 39 39 40 40 39 40 40 40 40 39 39 39 38 39 38 37 36 37 38
-1.7e+308 -1.7e+308 -3 -8 0 -2 3 5 8 9 10 11 13 16 20 23 26 26 25 26 27 28 29 30 30 31 32 32 32 34 34 32 33 32 32 33 33 33 35 37 38 39 40 39 39 39 40 39 39 39 39 39 40 40 40 40 40 40 40 40 40 39 39 40 39 38 37 37 38 38
6 -3 -6 -2 5 5 7 8 8 8 13 21 22 23 23 25 27 28 28 27 28 30 30 32 33 33 34 34 34 35 35 35 35 36 35 35 36 37 38 39 40 40 39 38 39 39 39 39 40 40 40 40 40 41 40 40 39 39 40 40 40 40 39 39 39 38 39 39 39 40
11 -1 -1 5 7 8 8 6 8 12 18 26 26 23 28 28 29 30 29 29 30 32 32 34 34 35 35 36 36 37 37 37 37 36 36 37 38 40 40 41 40 40 39 38 39 39 40 40 41 41 41 41 41 41 40 41 41 40 40 40 40 40 39 40 39 39 40 40 40 40
12 4 2 8 6 11 9 10 19 20 25 24 28 30 29 30 29 30 32 32 33 34 34 34 34 35 35 36 35 36 37 38 39 38 38 38 39 40 40 41 41 41 40 39 40 41 41 41 41 41 41 41 41 42 41 42 41 41 41 40 40 40 39 39 39 40 40 40 41 41
10 6 3 6 6 18 22 20 21 27 27 30 30 30 31 31 32 33 33 33 33 33 32 33 33 35 37 36 37 38 38 39 40 39 40 40 41 40 41 40 41 41 41 41 41 42 42 42 42 42 42 42 42 42 42 42 42 42 41 41 41 41 40 40 40 40 41 41 42 42
6 5 2 4 7 15 24 27 27 28 32 33 32 32 33 34 32 31 30 30 31 33 34 34 36 36 37 38 39 40 41 40 41 40 41 42 41 41 41 42 42 41 41 42 42 42 43 43 42 42 42 43 43 42 43 43 43 43 42 42 42 41 41 41 41 41 42 42 43 43
3 15 20 14 21 24 29 27 30 31 34 34 34 33 33 30 28 30 30 31 32 34 35 36 36 38 38 39 40 41 42 42 41 41 42 42 43 43 43 43 42 42 42 42 43 43 43 43 44 43 43 43 44 43 43 43 44 44 44 43 42 41 42 42 42 42 42 42 43 44
19 26 29 27 26 25 28 30 35 34 34 32 34 32 30 26 24 27 30 34 35 36 36 36 38 37 38 40 40 41 42 43 43 43 44 44 44 44 44 44 44 43 44 44 44 44 44 44 44 44 44 44 45 44 44 44 44 44 44 43 43 42 42 43 43 42 43 44 45 46
25 25 31 33 29 30 35 34 34 35 34 31 29 31 29 31 32 32 33 35 35 36 37 38 40 39 40 41 41 42 42 43 44 44 44 45 45 45 45 45 45 45 45 46 46 45 45 45 45 45 45 45 45 44 45 45 45 45 45 44 43 43 43 43 43 44 45 45 46 47
29 26 35 35 34 35 35 33 36 33 31 31 34 35 35 34 35 36 35 35 36 38 39 39 39 41 40 41 42 43 43 43 44 45 45 46 46 45 46 46 46 46 46 46 47 46 46 45 45 45 45 45 45 45 45 45 45 44 45 45 44 45 45 44 45 45 46 48 47 47
27 32 38 38 37 38 39 38 33 33 34 36 36 37 37 36 37 37 37 38 39 39 40 40 40 41 42 42 42 43 44 44 44 45 46 46 46 46 47 47 47 47 47 47 47 47 47 46 46 46 46 45 45 45 45 44 43 44 45 46 45 46 45 46 46 47 48 49 49 49
33 39 39 39 40 41 40 36 38 38 38 39 36 39 39 38 38 39 40 40 41 40 41 41 42 42 42 43 43 43 44 45 45 46 47 47 47 47 48 48 48 47 48 48 48 48 48 47 47 46 46 46 45 45 44 44 45 45 46 46 47 46 46 47 47 48 49 50 50 50
40 41 40 41 42 40 40 40 40 40 41 41 40 39 41 40 40 40 40 40 41 41 41 41 42 43 43 44 44 44 45 46 46 47 47 47 48 49 49 48 48 47 48 49 49 49 49 49 48 47 46 47 46 45 45 45 45 45 46 46 47 47 47 46 47 48 50 51 51 51
41 42 42 43 41 41 41 42 42 42 43 43 43 42 42 43 42 41 41 41 41 42 42 42 42 42 43 44 45 45 45 46 46 47 47 48 48 49 48 48 48 49 50 51 50 50 50 49 49 48 48 48 46 45 46 46 45 45 46 46 47 47 48 47 48 49 51 51 51 51
42 43 43 43 43 43 43 43 44 44 44 43 42 42 43 43 43 43 42 42 42 42 42 43 43 44 44 44 45 46 46 47 47 47 48 49 49 49 49 48 49 51 51 52 51 50 51 50 50 49 48 48 47 46 46 45 46 46 46 46 47 48 48 49 49 50 52 52 52 52
43 44 43 43 39 41 40 43 44 44 44 44 44 44 44 44 45 45 44 44 43 43 43 44 44 44 45 44 45 46 46 47 48 48 49 50 49 49 49 49 50 50 51 52 52 51 51 50 50 50 50 50 48 47 46 45 46 46 46 47 48 49 49 49 51 51 53 52 52 52
43 43 43 41 40 41 43 44 44 46 46 46 46 45 45 45 45 45 45 45 45 44 44 44 45 45 45 46 45 45 47 48 48 49 49 50 50 50 50 50 50 50 52 53 53 52 50 50 50 50 50 50 49 48 47 45 46 47 48 49 50 50 50 50 51 53 53 53 53 53
42 36 36 39 41 43 44 45 45 46 47 47 46 47 46 45 45 45 45 46 46 46 45 45 45 45 46 46 45 46 47 47 48 48 49 50 50 50 51 51 51 51 53 54 53 51 50 50 51 51 50 50 50 49 48 47 48 49 49 49 51 51 51 51 53 54 54 53 54 54
31 28 29 33 41 43 45 46 46 46 47 48 48 48 47 46 45 46 47 47 47 47 46 45 45 46 46 46 46 47 47 47 47 49 49 50 50 51 51 51 51 52 53 54 53 50 51 50 51 51 51 51 51 50 49 49 49 50 50 51 52 52 52 53 54 55 55 54 55 54
39 38 35 35 42 44 45 45 46 47 48 49 49 49 48 47 46 47 48 48 48 47 47 47 47 47 46 46 46 47 47 47 48 49 50 50 50 51 51 51 51 51 53 54 51 50 51 51 51 52 52 52 52 51 50 50 50 51 52 53 53 54 53 54 55 55 55 55 54 53
45 45 46 46 47 47 48 47 48 49 49 50 50 49 48 49 48 49 48 49 49 49 48 48 48 48 47 47 47 48 48 48 49 49 49 50 51 52 51 52 52 52 53 54 51 51 51 51 51 52 53 53 53 52 52 52 52 52 54 53 53 53 54 54 55 55 55 55 54 55
45 46 48 48 48 49 49 49 48 49 50 51 51 50 49 50 50 50 50 50 50 49 49 50 49 49 49 49 49 49 49 49 50 50 50 51 51 52 51 52 53 53 54 54 52 52 52 52 52 53 53 53 53 53 53 53 54 54 54 53 53 53 54 54 53 53 54 56 56 56
42 46 48 49 50 50 49 50 49 50 51 51 51 51 51 51 51 51 51 51 51 51 50 50 51 51 51 50 50 51 50 50 51 51 51 52 52 52 52 52 54 53 55 53 51 53 53 53 52 53 53 54 54 53 53 53 55 55 54 54 54 53 54 54 55 54 54 55 56 56
47 48 49 49 50 51 50 50 50 50 51 51 52 52 52 52 51 52 52 52 52 52 51 51 51 52 51 51 51 51 51 51 52 52 52 52 53 53 53 53 54 55 55 52 52 54 54 54 53 53 54 54 54 53 54 55 55 55 54 54 54 54 55 55 55 56 56 56 56 57
49 50 50 50 51 52 51 51 51 51 51 51 51 52 53 53 52 53 53 53 53 52 52 51 51 52 53 53 53 52 52 52 53 52 53 53 53 54 54 54 55 56 54 52 53 54 55 54 53 53 53 53 53 54 55 55 55 54 54 54 55 55 55 56 56 57 57 57 57 58
51 51 51 51 52 53 52 52 52 52 51 52 52 53 53 54 54 54 55 54 54 53 52 52 53 53 53 53 54 53 53 54 53 53 53 54 54 55 55 55 56 56 54 54 55 55 55 54 53 52 53 53 54 54 55 54 55 54 55 56 56 56 56 56 57 57 57 57 58 58
