layers/bio12.asc
NCOLS 292 
NROWS 290 
XLLCORNER -87.625 
YLLCORNER 24.5 
CELLSIZE 0.0416666666666667 
NODATA_value -1.7e+308 
[rows 0 to 29 of 290, columns 136 to 203 of 292]
-1.7e+308 -1.7e+308 -1.7e+308 -1.7e+308 -1.7e+308 -1.7e+308 1376 1382 1334 1305 1280 1258 1251 1238 1216 1215 1207 1194 1181 1171 1181 1183 1168 1177 1185 -1.7e+308 -1.7e+308 -1.7e+308 -1.7e+308 -1.7e+308 -1.7e+308 -1.7e+308 -1.7e+308 -1.7e+308 -1.7e+308 -1.7e+308 -1.7e+308 -1.7e+308 -1.7e+308 -1.7e+308 -1.7e+308 -1.7e+308 -1.7e+308 -1.7e+308 -1.7e+308 -1.7e+308 -1.7e+308 -1.7e+308 -1.7e+308 -1.7e+308 -1.7e+308 -1.7e+308 -1.7e+308 -1.7e+308 -1.7e+308 -1.7e+308 -1.7e+308 -1.7e+308 -1.7e+308 -1.7e+308 -1.7e+308 -1.7e+308 -1.7e+308 -1.7e+308 -1.7e+308 -1.7e+308 -1.7e+308 -1.7e+308
-1.7e+308 -1.7e+308 -1.7e+308 -1.7e+308 -1.7e+308 -1.7e+308 1328 1353 1337 1309 1278 1287 1268 1252 1245 1244 1262 1233 1235 1256 1235 1211 1198 1209 1214 1152 1148 1157 1157 1163 1167 1176 1181 1200 1235 1243 1234 1232 1232 1224 1221 1230 1223 1215 1207 1197 1186 1169 1175 1169 1149 1139 1130 1126 1117 1116 1118 1118 1116 1119 1118 1112 1107 1105 1104 1105 1105 1110
-1.7e+308 -1.7e+308 -1.7e+308 -1.7e+308 -1.7e+308 -1.7e+308 1339 1333 1340 1314 1285 1312 1282 1293 1279 1275 1294 1313 1320 1281 1254 1240 1226 1232 1205 1170 1166 1166 1165 1170 1177 1175 1179 1201 1226 1223 1225 1219 1220 1215 1211 1221 1210 1204 1207 1198 1183 1169 1162 1156 1143 1130 1123 1122 1120 1128 1124 1117 1121 1118 1110 1110 1109 1107 1109 1106 1111 1109
-1.7e+308 -1.7e+308 -1.7e+308 -1.7e+308 -1.7e+308 -1.7e+308 1359 1329 1347 1370 1339 1356 1328 1309 1297 1312 1320 1329 1346 1329 1302 1278 1261 1243 1188 1182 1175 1175 1173 1177 1180 1190 1188 1199 1210 1212 1221 1221 1216 1203 1199 1197 1201 1189 1191 1179 1165 1158 1148 1147 1136 1124 1128 1131 1131 1130 1124 1119 1117 1114 1116 1113 1118 1115 1112 1113 1112 1114
-1.7e+308 -1.7e+308 -1.7e+308 -1.7e+308 -1.7e+308 -1.7e+308 1355 1422 1404 1429 1378 1367 1350 1329 1357 1352 1342 1346 1289 1236 1223 1207 1252 1265 1201 1188 1182 1189 1187 1187 1184 1201 1195 1189 1194 1202 1212 1218 1222 1227 1245 1213 1186 1176 1173 1164 1149 1139 1137 1132 1129 1130 1137 1137 1130 1125 1124 1119 1118 1123 1120 1119 1116 1114 1118 1118 1116 1121
-1.7e+308 -1.7e+308 -1.7e+308 -1.7e+308 -1.7e+308 -1.7e+308 1440 1474 1420 1433 1397 1390 1366 1362 1350 1327 1310 1278 1242 1222 1206 1204 1205 1207 1197 1195 1192 1194 1194 1190 1187 1194 1197 1191 1192 1210 1203 1207 1209 1206 1200 1200 1184 1166 1155 1151 1141 1143 1143 1135 1132 1135 1136 1138 1133 1130 1127 1124 1125 1127 1121 1125 1124 1121 1119 1123 1123 1122
-1.7e+308 -1.7e+308 1344 1375 1373 1452 1477 1458 1404 1408 1391 1388 1387 1391 1343 1266 1251 1244 1244 1230 1213 1210 1207 1214 1209 1202 1204 1193 1191 1191 1190 1191 1191 1186 1187 1191 1188 1185 1194 1193 1181 1175 1164 1153 1141 1146 1143 1148 1144 1139 1141 1137 1136 1131 1131 1132 1126 1123 1129 1127 1133 1132 1127 1123 1127 1124 1131 1126
-1.7e+308 1322 1332 1364 1347 1454 1466 1421 1407 1404 1406 1424 1414 1366 1310 1245 1241 1263 1232 1231 1222 1215 1218 1218 1214 1206 1203 1197 1189 1188 1184 1182 1182 1179 1177 1176 1175 1185 1189 1179 1164 1153 1147 1142 1146 1145 1144 1150 1142 1141 1137 1132 1131 1131 1129 1125 1127 1130 1136 1130 1130 1134 1133 1134 1133 1133 1137 1136
1377 1389 1404 1372 1361 1431 1459 1415 1434 1396 1421 1403 1324 1314 1270 1277 1246 1236 1238 1233 1236 1229 1217 1214 1208 1202 1203 1201 1200 1197 1192 1191 1193 1189 1180 1175 1167 1177 1172 1169 1162 1151 1150 1143 1143 1140 1140 1145 1135 1134 1133 1134 1134 1133 1133 1134 1131 1129 1131 1129 1127 1129 1131 1138 1139 1141 1143 1145
1402 1492 1500 1439 1390 1435 1473 1450 1451 1344 1313 1330 1319 1273 1271 1247 1250 1253 1245 1244 1233 1224 1220 1217 1215 1218 1223 1213 1210 1200 1185 1188 1186 1178 1172 1169 1160 1167 1158 1157 1154 1154 1152 1149 1142 1136 1138 1137 1133 1128 1129 1128 1129 1127 1130 1130 1128 1127 1129 1132 1129 1129 1134 1137 1139 1142 1145 1148
1416 1451 1469 1479 1439 1461 1499 1484 1458 1390 1314 1281 1286 1275 1252 1242 1250 1247 1244 1238 1243 1245 1249 1246 1236 1224 1216 1211 1200 1194 1189 1179 1175 1168 1159 1160 1152 1158 1148 1149 1149 1151 1146 1143 1140 1141 1136 1130 1128 1125 1127 1130 1131 1132 1133 1130 1131 1133 1130 1129 1131 1132 1134 1136 1141 1146 1151 1150
1440 1497 1507 1550 1472 1390 1352 1408 1348 1326 1284 1303 1279 1265 1242 1248 1242 1257 1253 1268 1277 1266 1256 1248 1237 1223 1213 1208 1199 1187 1180 1174 1166 1160 1153 1151 1153 1152 1144 1146 1145 1139 1136 1138 1140 1138 1132 1127 1125 1124 1129 1129 1127 1130 1131 1133 1132 1135 1133 1133 1133 1131 1132 1135 1142 1151 1153 1153
1466 1463 1483 1411 1363 1303 1287 1306 1322 1333 1304 1290 1248 1254 1258 1272 1251 1270 1278 1306 1312 1291 1267 1234 1220 1213 1209 1203 1190 1192 1184 1174 1169 1161 1152 1148 1148 1144 1139 1139 1135 1136 1135 1136 1137 1134 1128 1125 1121 1127 1126 1130 1129 1129 1133 1130 1129 1133 1134 1135 1135 1133 1132 1142 1147 1154 1157 1158
1443 1460 1435 1357 1324 1325 1284 1271 1304 1303 1258 1265 1268 1261 1266 1293 1299 1288 1296 1279 1263 1258 1248 1233 1224 1214 1209 1198 1184 1185 1179 1167 1162 1154 1151 1148 1142 1141 1137 1133 1130 1133 1135 1137 1133 1131 1127 1123 1123 1125 1130 1129 1132 1132 1132 1132 1136 1137 1135 1134 1135 1137 1139 1144 1152 1157 1162 1165
1446 1489 1431 1372 1307 1335 1268 1266 1277 1269 1275 1287 1264 1285 1302 1300 1264 1257 1255 1259 1245 1240 1242 1238 1223 1207 1199 1196 1187 1174 1176 1170 1160 1149 1146 1148 1139 1135 1134 1133 1136 1136 1135 1134 1130 1130 1130 1129 1125 1127 1130 1137 1141 1138 1138 1137 1143 1142 1140 1145 1144 1146 1142 1147 1155 1155 1158 1164
1445 1472 1396 1341 1338 1298 1254 1254 1265 1255 1250 1255 1293 1289 1280 1264 1259 1245 1244 1245 1233 1229 1226 1213 1207 1194 1188 1185 1182 1173 1167 1161 1160 1149 1141 1141 1140 1136 1130 1134 1139 1139 1132 1130 1128 1130 1136 1132 1128 1129 1134 1139 1143 1142 1143 1145 1147 1145 1147 1153 1160 1154 1151 1148 1155 1156 1162 1161
1378 1424 1354 1282 1305 1255 1255 1260 1250 1244 1257 1281 1266 1258 1262 1245 1270 1240 1237 1238 1235 1221 1210 1199 1190 1185 1181 1179 1169 1166 1165 1154 1154 1151 1143 1139 1136 1130 1130 1134 1136 1137 1133 1131 1134 1138 1135 1135 1134 1134 1134 1139 1140 1148 1153 1149 1152 1155 1160 1159 1155 1153 1153 1154 1152 1157 1164 1162
1377 1382 1302 1268 1254 1249 1257 1254 1243 1261 1262 1257 1255 1249 1240 1240 1241 1239 1224 1227 1224 1213 1211 1202 1192 1186 1178 1175 1166 1161 1155 1152 1146 1148 1141 1131 1133 1128 1130 1136 1137 1134 1130 1136 1139 1145 1143 1130 1136 1141 1138 1140 1145 1154 1155 1148 1157 1166 1165 1163 1162 1161 1158 1161 1159 1158 1157 1167
1369 1299 1274 1263 1262 1251 1251 1250 1258 1255 1254 1247 1245 1238 1228 1227 1224 1221 1218 1208 1210 1210 1204 1197 1189 1180 1174 1170 1169 1164 1159 1148 1142 1139 1137 1130 1134 1133 1132 1133 1136 1135 1139 1143 1146 1140 1136 1131 1137 1137 1146 1147 1149 1156 1153 1153 1164 1167 1165 1165 1168 1171 1170 1167 1164 1164 1159 1165
1294 1286 1272 1270 1264 1259 1254 1252 1254 1250 1249 1243 1233 1229 1226 1229 1230 1224 1214 1212 1199 1198 1196 1193 1182 1179 1174 1163 1161 1155 1150 1144 1143 1134 1130 1128 1131 1131 1131 1129 1138 1135 1143 1149 1145 1135 1131 1133 1138 1144 1143 1150 1152 1150 1156 1154 1164 1166 1172 1171 1169 1170 1175 1169 1168 1167 1164 1157
1292 1282 1273 1272 1267 1256 1263 1271 1297 1279 1287 1257 1238 1235 1230 1232 1222 1213 1208 1200 1192 1188 1187 1183 1183 1177 1168 1159 1157 1153 1145 1144 1137 1134 1133 1130 1126 1131 1126 1131 1134 1142 1146 1152 1148 1149 1143 1135 1136 1142 1150 1162 1160 1158 1151 1152 1161 1170 1174 1177 1175 1172 1180 1170 1169 1166 1164 1166
1304 1292 1287 1288 1276 1278 1281 1294 1297 1287 1271 1254 1247 1229 1223 1213 1213 1214 1212 1198 1197 1190 1183 1178 1175 1170 1171 1165 1157 1150 1142 1136 1135 1137 1129 1126 1132 1131 1133 1135 1139 1140 1148 1149 1150 1152 1144 1138 1138 1146 1164 1172 1164 1161 1161 1157 1163 1169 1174 1188 1183 1177 1172 1170 1164 1167 1168 1165
1315 1317 1296 1298 1308 1354 1354 1320 1306 1283 1271 1258 1248 1237 1220 1206 1209 1204 1205 1205 1202 1194 1188 1176 1167 1166 1165 1162 1157 1151 1144 1139 1141 1137 1133 1134 1136 1137 1139 1136 1139 1146 1148 1150 1156 1152 1145 1143 1145 1159 1173 1174 1165 1162 1165 1164 1165 1167 1174 1181 1177 1172 1174 1172 1166 1165 1166 1163
1360 1322 1308 1332 1409 1433 1423 1391 1318 1290 1269 1258 1250 1237 1224 1207 1203 1198 1201 1205 1201 1188 1178 1173 1161 1161 1166 1164 1158 1153 1151 1148 1145 1142 1143 1141 1148 1145 1144 1143 1147 1149 1152 1154 1159 1154 1149 1144 1153 1174 1173 1177 1172 1167 1164 1163 1162 1168 1174 1178 1174 1172 1171 1170 1165 1162 1164 1161
1338 1353 1328 1360 1356 1365 1385 1385 1314 1290 1280 1267 1248 1240 1227 1205 1200 1197 1202 1202 1207 1187 1175 1166 1162 1162 1159 1158 1154 1151 1155 1155 1148 1148 1150 1154 1150 1149 1149 1152 1151 1150 1157 1162 1167 1171 1159 1150 1171 1180 1177 1177 1176 1167 1168 1168 1164 1167 1174 1177 1178 1171 1163 1160 1158 1155 1161 1160
1342 1332 1323 1337 1315 1308 1304 1295 1285 1277 1262 1259 1245 1232 1221 1205 1199 1201 1203 1194 1188 1178 1176 1164 1159 1154 1157 1151 1151 1145 1150 1148 1149 1146 1150 1150 1151 1153 1158 1159 1156 1157 1162 1167 1165 1173 1163 1159 1182 1182 1178 1178 1179 1172 1166 1165 1165 1168 1171 1174 1171 1173 1160 1164 1164 1163 1167 1162
1311 1309 1316 1354 1328 1310 1287 1285 1279 1261 1260 1251 1248 1232 1221 1205 1195 1201 1198 1185 1180 1174 1166 1163 1157 1155 1154 1144 1147 1143 1147 1146 1146 1146 1149 1150 1154 1155 1158 1162 1161 1165 1170 1169 1164 1171 1162 1166 1180 1182 1179 1180 1176 1174 1176 1172 1172 1170 1167 1168 1167 1161 1163 1169 1168 1172 1169 1176
1318 1310 1315 1317 1364 1325 1299 1283 1273 1260 1261 1248 1245 1230 1219 1207 1200 1199 1193 1187 1178 1168 1162 1161 1155 1151 1149 1145 1141 1139 1139 1141 1144 1143 1147 1149 1152 1153 1161 1162 1165 1171 1178 1179 1167 1176 1162 1176 1194 1180 1179 1179 1184 1177 1176 1173 1172 1175 1176 1173 1164 1166 1167 1173 1173 1179 1181 1179
1325 1317 1311 1315 1328 1314 1302 1293 1281 1258 1257 1250 1247 1236 1222 1211 1202 1193 1185 1185 1181 1169 1160 1156 1152 1150 1150 1146 1143 1137 1139 1139 1143 1143 1148 1153 1152 1157 1161 1168 1170 1172 1176 1178 1173 1173 1168 1189 1190 1181 1178 1179 1185 1181 1176 1178 1178 1180 1179 1169 1171 1170 1175 1178 1183 1184 1178 1175
1339 1333 1316 1314 1316 1299 1293 1289 1275 1257 1258 1247 1240 1231 1231 1222 1215 1203 1186 1179 1180 1166 1154 1151 1147 1150 1149 1150 1143 1138 1134 1132 1141 1143 1146 1155 1149 1160 1158 1169 1177 1172 1176 1181 1175 1169 1186 1197 1190 1185 1177 1183 1186 1186 1185 1183 1189 1185 1173 1174 1179 1187 1188 1184 1181 1182 1179 1176
