layers/bio2.asc
NCOLS 292 
NROWS 290 
XLLCORNER -87.625 
YLLCORNER 24.5 
CELLSIZE 0.0416666666666667 
NODATA_value -1.7e+308 
[rows 0 to 30 of 290, columns 210 to 279 of 292]
-1.7e+308 -1.7e+308 -1.7e+308 -1.7e+308 -1.7e+308 -1.7e+308 -1.7e+308 -1.7e+308 -1.7e+308 -1.7e+308 -1.7e+308 -1.7e+308 -1.7e+308 -1.7e+308 -1.7e+308 -1.7e+308 -1.7e+308 -1.7e+308 -1.7e+308 -1.7e+308 -1.7e+308 -1.7e+308 -1.7e+308 -1.7e+308 -1.7e+308 -1.7e+308 -1.7e+308 -1.7e+308 -1.7e+308 -1.7e+308 -1.7e+308 -1.7e+308 -1.7e+308 -1.7e+308 -1.7e+308 -1.7e+308 -1.7e+308 -1.7e+308 -1.7e+308 -1.7e+308 -1.7e+308 -1.7e+308 -1.7e+308 -1.7e+308 -1.7e+308 -1.7e+308 -1.7e+308 -1.7e+308 -1.7e+308 -1.7e+308 -1.7e+308 -1.7e+308 -1.7e+308 -1.7e+308 -1.7e+308 -1.7e+308 -1.7e+308 -1.7e+308 -1.7e+308 -1.7e+308 -1.7e+308 -1.7e+308 -1.7e+308 -1.7e+308 -1.7e+308 -1.7e+308 -1.7e+308 -1.7e+308 -1.7e+308 -1.7e+308
133 133 134 134 134 135 135 135 136 136 136 136 136 135 135 135 135 134 134 134 134 134 133 133 133 133 132 133 133 133 133 133 133 132 132 132 132 131 130 130 129 129 128 127 126 126 125 124 123 121 120 119 118 117 115 114 112 111 110 108 108 106 105 104 103 102 101 100 100 98
133 133 133 133 134 134 135 135 136 136 136 136 136 136 136 135 135 134 134 133 133 133 133 133 133 133 133 133 133 133 133 132 132 132 132 131 131 131 130 130 129 129 128 128 127 126 125 124 123 122 121 119 118 117 116 114 113 112 110 109 108 108 106 105 104 103 102 101 100 99
132 132 133 133 133 134 134 135 136 136 137 137 137 136 135 135 135 134 134 133 133 132 132 132 132 133 132 132 132 132 133 132 132 132 131 131 131 131 130 130 130 129 128 128 127 126 125 124 123 122 121 120 118 117 116 115 114 113 112 111 109 108 107 106 105 104 103 102 101 100
132 132 132 132 132 133 133 134 135 137 138 138 137 136 136 136 135 134 134 133 133 132 132 132 132 132 132 132 132 132 132 132 132 131 131 131 131 131 131 130 129 129 128 128 127 126 125 124 123 122 121 120 119 117 116 115 114 113 112 111 110 109 108 107 106 105 104 103 102 101
132 132 132 132 132 132 133 134 135 136 137 138 137 137 136 135 135 135 134 133 133 132 132 132 132 131 132 132 132 132 132 132 132 132 131 131 131 131 130 130 129 129 128 128 127 126 125 124 123 122 122 120 119 118 117 116 115 114 113 112 111 110 109 108 107 106 104 103 103 101
131 132 132 132 132 132 132 134 135 136 137 137 137 137 136 136 135 134 134 134 132 132 132 132 132 131 132 132 132 132 132 132 132 132 132 131 131 131 130 130 130 129 129 128 127 126 125 125 124 123 122 120 119 118 117 116 115 114 113 113 112 111 110 109 108 106 106 104 103 102
131 132 132 132 132 132 132 133 135 136 136 136 137 137 137 136 136 135 134 133 133 132 132 132 131 132 132 132 132 132 132 132 132 132 131 131 131 131 130 130 129 129 129 128 127 126 126 125 123 123 122 120 120 119 118 117 116 115 114 113 112 111 110 110 109 108 106 105 104 103
132 132 132 131 132 132 133 133 135 136 137 137 137 137 137 137 136 135 134 134 133 132 132 132 131 132 131 132 132 132 132 132 131 131 131 131 131 131 131 130 130 129 129 128 127 126 125 125 124 123 122 121 120 119 118 117 116 115 115 114 113 112 111 110 109 108 107 105 104 103
132 132 132 132 132 132 133 134 135 136 137 137 138 138 137 137 136 135 134 133 133 132 132 132 131 131 132 132 132 132 132 131 131 131 131 131 131 131 130 130 130 129 129 128 127 126 125 125 124 123 122 121 120 119 118 118 117 116 115 114 113 113 112 111 110 108 107 107 104 104
133 133 132 132 132 132 132 133 134 135 136 138 138 138 137 136 136 135 134 133 133 132 132 132 132 131 132 131 132 131 132 132 131 131 131 131 131 131 131 130 130 130 129 128 127 126 126 125 124 123 122 121 120 119 118 117 117 116 116 115 114 113 112 112 110 109 108 107 -1.7e+308 -1.7e+308
133 133 132 132 132 132 132 132 133 134 135 137 138 138 138 136 135 135 134 133 133 132 132 131 131 131 131 131 131 132 131 131 131 131 131 131 131 131 131 130 130 130 129 128 127 126 126 125 124 123 122 122 120 119 119 118 117 117 116 115 115 114 112 112 111 -1.7e+308 -1.7e+308 -1.7e+308 -1.7e+308 -1.7e+308
133 132 132 132 132 132 131 132 132 134 135 136 137 138 137 136 135 135 134 133 132 132 131 131 131 131 131 131 131 131 131 131 132 131 131 131 131 131 131 130 130 129 128 128 127 126 126 125 124 123 123 122 121 120 119 118 118 117 117 116 -1.7e+308 -1.7e+308 -1.7e+308 -1.7e+308 -1.7e+308 -1.7e+308 -1.7e+308 -1.7e+308 -1.7e+308 -1.7e+308
132 131 131 131 131 131 131 131 132 133 133 135 136 137 137 136 135 134 133 133 132 132 131 131 131 131 131 131 131 131 131 131 131 131 131 131 131 131 130 130 130 129 128 128 127 126 126 125 124 124 123 123 122 120 119 119 119 118 117 -1.7e+308 -1.7e+308 -1.7e+308 -1.7e+308 -1.7e+308 -1.7e+308 -1.7e+308 -1.7e+308 -1.7e+308 -1.7e+308 -1.7e+308
131 131 131 130 130 131 131 131 132 132 133 134 134 135 135 135 134 134 133 133 132 131 131 131 131 131 131 131 131 131 131 132 132 131 131 131 130 130 130 129 129 129 128 127 127 126 126 125 124 124 124 123 122 -1.7e+308 -1.7e+308 -1.7e+308 -1.7e+308 119 118 117 -1.7e+308 116 115 114 112 111 110 108 107 -1.7e+308
130 129 129 128 128 129 130 131 132 132 132 133 133 134 134 134 134 134 133 132 132 131 131 131 131 131 130 130 130 131 131 131 131 132 131 131 131 130 130 129 129 128 128 127 126 126 125 125 125 124 124 124 123 123 122 121 120 119 118 117 117 116 116 114 113 111 110 109 107 -1.7e+308
130 128 128 127 127 128 129 130 131 131 131 132 132 133 133 133 133 133 133 132 132 132 131 131 131 130 130 130 130 130 131 131 132 132 131 131 130 130 129 129 128 128 127 127 126 125 125 125 125 124 124 124 124 124 123 121 120 119 118 118 117 116 116 115 113 111 110 108 107 105
128 128 127 127 127 127 128 129 130 130 131 131 132 132 133 132 132 132 132 132 132 132 131 131 131 131 130 130 130 131 131 131 132 132 131 130 130 130 129 129 128 128 127 126 126 125 125 125 124 124 124 124 124 124 123 121 120 119 118 118 117 116 115 114 113 111 110 108 -1.7e+308 105
128 127 126 125 126 127 128 128 129 130 130 131 132 131 132 132 132 132 132 132 132 132 132 131 131 131 131 131 131 131 131 131 131 131 131 130 130 129 129 128 128 127 126 126 125 125 125 124 124 124 124 123 123 123 122 121 120 119 118 117 117 116 115 114 113 111 110 108 -1.7e+308 105
127 126 125 125 125 126 127 128 129 129 130 130 131 131 131 131 132 132 131 131 132 132 132 132 131 131 131 130 130 130 131 131 131 131 130 130 130 129 129 128 128 127 126 126 125 125 124 124 124 123 123 123 123 122 121 120 120 119 118 117 116 115 114 113 112 111 109 108 -1.7e+308 104
126 126 125 125 125 126 127 128 129 129 130 130 130 130 131 131 131 131 131 131 132 132 132 132 131 131 131 130 130 130 131 131 131 131 131 130 130 129 128 128 128 127 126 126 125 124 124 123 123 123 122 122 121 121 120 120 119 118 117 116 115 115 114 113 112 110 109 108 -1.7e+308 104
127 125 125 125 125 126 126 127 128 129 130 129 130 130 130 130 130 131 131 131 131 132 132 132 131 131 131 130 130 131 131 130 130 131 130 130 129 129 128 128 127 127 126 125 125 124 123 123 122 122 122 121 121 120 119 119 118 117 117 116 115 114 113 112 111 110 108 107 106 104
126 125 125 126 125 126 126 127 128 128 129 130 130 130 130 130 130 130 130 130 131 131 131 131 130 130 130 130 130 130 130 130 130 130 130 130 129 129 128 128 127 126 125 125 124 124 123 122 122 121 121 120 119 119 118 117 117 116 116 115 114 114 112 112 110 109 108 106 105 104
126 125 125 126 126 126 126 127 128 128 129 129 130 130 130 130 130 129 129 129 130 130 130 130 130 130 130 130 130 130 130 130 130 130 130 129 129 129 128 127 127 126 125 125 124 123 122 122 121 121 120 119 118 118 117 116 116 115 115 114 114 113 112 112 110 109 108 106 105 103
126 126 126 126 126 127 127 127 128 128 129 130 130 130 129 129 129 129 128 128 128 128 128 128 129 129 129 129 130 130 130 130 130 130 129 129 129 128 128 127 126 126 125 124 124 123 122 121 121 120 119 118 117 116 116 116 115 115 114 114 113 112 111 111 110 108 107 106 104 103
126 126 126 126 126 127 127 127 128 129 129 130 130 130 129 129 128 128 127 127 127 127 127 127 127 128 129 129 129 130 130 130 130 130 130 129 129 128 127 127 126 125 125 124 123 122 121 120 120 119 118 117 116 116 115 115 115 114 113 113 112 112 111 110 110 108 107 105 103 102
126 126 126 126 126 127 128 128 128 128 129 129 130 129 129 128 127 127 127 126 125 125 125 126 127 127 128 129 129 130 130 130 130 130 130 129 128 128 127 127 126 125 124 123 123 122 121 120 119 118 117 117 116 115 115 114 114 113 113 112 112 111 110 110 109 108 106 105 103 102
127 127 127 127 127 127 127 127 128 128 128 129 129 129 128 127 127 126 125 125 124 124 124 125 126 126 127 128 129 130 130 130 130 130 129 129 129 128 127 126 126 125 124 123 122 121 120 119 119 118 117 116 115 115 114 114 113 112 112 112 111 110 110 109 108 107 105 104 102 -1.7e+308
126 127 127 127 127 127 127 127 128 128 128 128 128 128 128 127 127 125 125 123 123 122 122 123 125 126 127 128 129 130 130 130 130 130 130 129 128 128 127 126 125 124 123 122 121 121 120 119 118 117 116 115 -1.7e+308 114 113 113 112 112 112 111 110 110 109 108 107 106 104 104 -1.7e+308 -1.7e+308
126 127 127 127 127 127 127 127 128 128 128 128 128 128 127 127 126 125 124 123 122 121 121 123 124 126 126 128 129 130 130 131 130 130 130 129 128 128 127 126 125 124 123 122 121 120 119 118 117 117 116 115 114 113 113 -1.7e+308 -1.7e+308 -1.7e+308 -1.7e+308 110 109 109 108 107 106 105 104 -1.7e+308 -1.7e+308 -1.7e+308
126 126 127 127 128 127 127 128 127 128 128 127 127 127 126 126 125 125 124 122 121 121 121 123 124 125 127 128 129 130 130 130 130 130 130 129 128 127 126 126 125 123 122 121 121 119 118 117 117 116 115 114 113 113 112 111 110 110 -1.7e+308 -1.7e+308 -1.7e+308 -1.7e+308 107 -1.7e+308 -1.7e+308 105 -1.7e+308 -1.7e+308 -1.7e+308 -1.7e+308
