layers/bio2.asc
NCOLS 292 
NROWS 290 
XLLCORNER -87.625 
YLLCORNER 24.5 
CELLSIZE 0.0416666666666667 
NODATA_value -1.7e+308 
[rows 0 to 30 of 290, columns 140 to 209 of 292]
-1.7e+308 -1.7e+308 114 114 119 122 124 126 127 128 130 130 130 131 132 132 131 130 132 131 130 -1.7e+308 -1.7e+308 -1.7e+308 -1.7e+308 -1.7e+308 -1.7e+308 -1.7e+308 -1.7e+308 -1.7e+308 -1.7e+308 -1.7e+308 -1.7e+308 -1.7e+308 -1.7e+308 -1.7e+308 -1.7e+308 -1.7e+308 -1.7e+308 -1.7e+308 -1.7e+308 -1.7e+308 -1.7e+308 -1.7e+308 -1.7e+308 -1.7e+308 -1.7e+308 -1.7e+308 -1.7e+308 -1.7e+308 -1.7e+308 -1.7e+308 -1.7e+308 -1.7e+308 -1.7e+308 -1.7e+308 -1.7e+308 -1.7e+308 -1.7e+308 -1.7e+308 -1.7e+308 -1.7e+308 -1.7e+308 -1.7e+308 -1.7e+308 -1.7e+308 -1.7e+308 -1.7e+308 -1.7e+308 -1.7e+308
-1.7e+308 -1.7e+308 121 118 120 122 126 125 126 128 129 129 127 129 129 126 128 130 131 129 129 138 139 138 138 138 138 137 136 135 131 131 132 131 131 131 131 129 129 129 129 130 130 131 130 130 131 131 132 132 132 132 132 133 133 133 134 135 135 135 135 135 135 134 134 134 134 134 134 133
-1.7e+308 -1.7e+308 121 121 121 124 126 123 126 126 128 128 126 123 122 126 128 129 130 129 132 137 138 138 138 138 137 137 137 135 132 132 132 132 131 131 131 129 130 129 128 129 129 130 130 130 131 131 131 131 131 130 131 132 132 133 134 134 134 135 134 135 134 134 134 134 134 134 133 133
-1.7e+308 -1.7e+308 120 123 121 119 122 121 124 126 128 127 126 124 121 123 125 127 128 130 137 138 139 138 138 138 137 136 136 135 134 133 131 131 131 132 131 131 130 130 129 129 129 129 130 129 130 131 129 129 129 128 130 131 132 132 133 133 133 134 134 134 134 134 133 133 133 133 132 133
-1.7e+308 -1.7e+308 122 115 117 114 120 121 123 126 124 125 125 124 129 134 135 137 131 129 137 138 139 138 138 138 137 135 136 135 135 133 132 131 130 128 126 128 130 130 129 129 130 130 130 130 129 129 128 127 127 128 129 131 131 131 131 132 133 133 133 133 133 133 133 133 131 131 131 132
-1.7e+308 -1.7e+308 114 110 117 116 120 121 124 125 126 127 129 132 135 138 139 139 139 139 139 139 139 139 138 138 137 136 135 136 135 132 132 130 130 129 129 128 128 129 130 129 129 128 128 128 128 127 126 126 127 127 129 130 129 130 131 131 132 133 133 132 133 133 133 132 131 131 131 132
122 114 111 114 120 120 122 123 123 123 128 135 136 137 137 138 140 141 140 139 139 140 139 139 139 138 138 137 136 136 135 133 133 132 130 129 129 129 129 129 130 128 128 127 127 126 125 126 126 126 126 127 128 129 129 129 130 130 131 132 132 132 132 133 132 132 132 132 132 132
126 115 115 120 121 122 122 120 121 126 131 138 138 136 140 140 141 141 140 140 140 140 140 140 139 139 138 138 137 136 135 134 133 131 130 129 130 130 129 128 128 127 126 125 125 125 125 126 126 126 126 127 127 128 128 129 130 130 131 131 131 132 132 132 132 132 132 132 132 132
126 119 117 122 120 124 122 123 130 131 135 135 139 140 140 141 140 141 141 140 141 141 140 139 139 138 138 137 136 135 134 134 133 131 130 129 128 128 127 127 126 126 125 124 125 124 125 125 125 125 126 126 127 128 128 129 130 130 131 131 131 131 131 131 131 132 132 132 132 132
125 120 117 119 119 129 132 131 131 136 136 139 139 139 140 141 141 141 141 141 140 139 138 138 138 138 138 137 136 136 135 134 134 131 130 129 128 126 126 125 125 125 124 124 124 124 124 124 125 126 126 126 127 128 129 129 130 130 130 131 131 131 131 131 132 132 132 132 132 132
121 119 115 116 119 126 132 135 135 135 138 139 139 140 141 141 140 139 138 138 138 138 139 138 138 138 138 137 137 136 136 134 134 131 131 129 127 125 125 124 124 123 123 123 123 123 124 124 124 125 126 127 127 128 128 129 130 130 130 131 131 131 131 132 132 132 132 132 133 133
118 126 129 125 130 131 135 133 135 136 139 139 140 139 139 138 136 137 137 137 138 138 139 139 138 138 138 137 137 137 136 135 133 131 131 129 127 126 125 124 124 123 123 123 123 123 123 124 125 125 126 126 127 128 128 129 130 131 131 131 131 131 131 132 132 132 133 132 132 133
130 134 135 133 132 131 133 134 138 137 137 136 138 137 136 133 131 134 135 138 139 139 139 138 139 138 137 137 137 136 136 135 133 132 131 129 128 126 125 125 124 123 123 123 123 123 123 124 125 125 126 127 128 129 129 130 130 130 131 131 131 131 131 132 132 132 133 133 134 133
133 133 135 136 134 134 136 136 135 136 135 134 133 134 133 135 136 136 137 138 138 139 138 139 139 138 137 137 137 136 135 134 134 132 131 130 128 127 126 125 124 124 123 123 123 123 123 124 125 126 126 127 128 129 129 130 130 131 131 131 131 131 131 131 132 133 133 134 134 133
134 132 137 136 136 136 135 134 135 134 132 132 135 136 136 135 137 137 137 137 138 138 139 138 138 138 137 137 136 136 136 134 134 133 131 130 129 128 127 126 125 124 123 123 124 124 124 124 125 125 127 127 128 129 129 130 130 131 132 131 131 132 132 132 132 133 133 134 133 132
133 135 138 137 136 136 136 135 133 133 133 134 134 136 136 136 137 137 137 138 138 139 139 139 138 138 138 137 136 136 136 134 133 133 132 130 129 128 128 127 126 125 124 124 124 124 124 124 125 126 126 127 128 129 129 129 129 130 132 132 132 132 132 132 133 133 133 133 132 131
135 138 137 137 137 137 136 133 133 134 133 134 133 135 135 135 135 137 137 138 139 139 139 139 138 138 137 137 137 135 136 135 134 133 132 131 130 129 128 127 126 125 125 124 124 125 125 125 126 126 126 128 128 129 129 130 131 131 132 132 132 132 132 132 132 132 133 132 131 131
138 138 137 137 137 135 135 134 133 133 133 133 133 134 135 135 135 136 137 137 138 138 138 138 138 138 138 137 136 136 135 135 133 133 132 131 131 130 129 128 127 125 125 126 125 125 125 126 126 126 127 128 128 129 130 130 131 131 132 132 132 132 132 131 131 131 132 132 131 130
138 138 138 137 136 135 134 133 133 132 133 133 133 133 134 135 135 136 136 137 137 138 138 138 137 137 136 136 136 136 135 135 134 133 132 132 131 130 129 128 127 127 127 127 126 126 125 126 126 126 127 129 129 130 130 131 131 131 132 132 132 132 132 131 131 131 132 131 130 129
138 138 138 137 136 135 134 133 132 132 131 131 131 132 133 134 135 135 135 136 137 137 137 137 137 136 136 136 136 136 135 135 134 133 133 132 131 131 129 128 128 128 128 128 127 126 127 126 127 128 128 129 130 130 131 132 132 132 132 131 131 131 131 132 130 130 131 130 129 128
137 138 137 136 133 133 131 131 131 130 130 130 131 132 133 133 134 135 135 135 135 136 136 136 136 136 136 135 135 135 135 135 134 133 133 133 132 131 130 129 128 128 128 129 128 127 127 125 126 128 129 130 130 131 132 132 132 132 131 132 131 131 131 131 131 131 130 130 129 128
137 137 136 134 133 133 132 131 130 131 130 131 131 132 132 133 133 134 134 135 135 135 135 135 135 135 136 135 135 135 135 135 134 134 133 133 132 131 130 130 129 128 129 129 129 128 125 125 126 128 129 130 131 131 132 132 132 132 132 132 132 131 131 130 130 131 130 129 128 127
135 132 131 133 132 132 132 131 130 130 130 131 131 131 131 131 132 132 133 134 134 134 134 134 134 134 135 135 134 134 135 134 134 133 133 133 133 132 131 130 129 129 130 130 129 127 126 126 127 129 129 130 131 132 132 132 132 132 132 131 131 131 131 130 130 130 129 129 128 127
129 127 127 128 131 132 132 131 130 130 130 131 131 132 131 130 131 131 133 133 134 133 133 133 133 134 134 134 134 134 134 134 133 133 133 133 133 132 132 131 130 130 130 130 129 126 127 126 127 129 130 130 132 131 132 132 132 132 132 131 131 131 130 130 130 130 129 128 128 127
132 131 130 129 132 132 131 131 131 131 131 131 131 131 130 130 130 131 132 132 133 132 132 133 133 133 132 133 133 133 133 132 133 133 133 133 133 132 132 131 130 129 130 131 128 127 127 127 128 129 130 130 131 131 131 131 131 132 132 132 132 131 130 130 130 129 129 128 127 126
135 135 135 134 134 133 133 131 131 131 131 131 131 130 130 130 130 130 131 131 132 132 132 132 132 133 133 133 133 133 133 133 133 133 133 133 133 133 132 131 131 130 130 130 128 128 128 128 128 129 130 131 131 131 131 131 132 132 132 131 131 130 130 129 129 128 128 128 127 127
134 135 136 135 134 135 133 132 132 131 131 131 131 130 129 130 130 130 131 130 131 131 131 132 132 133 133 133 133 134 133 133 133 133 133 133 133 133 132 132 132 131 131 131 129 128 129 129 129 129 130 130 131 131 131 131 132 132 131 131 130 129 129 128 127 127 127 127 127 127
132 135 135 135 135 134 133 133 132 132 131 131 131 130 130 129 129 130 130 130 130 130 130 131 132 132 133 133 133 134 134 133 133 134 133 134 133 133 132 132 133 132 132 130 128 129 129 129 129 129 130 130 131 130 131 131 131 131 131 130 129 128 128 128 127 127 126 126 126 126
135 135 135 135 135 135 134 133 132 132 131 131 130 130 130 129 129 129 129 129 129 129 129 130 131 132 132 133 133 133 133 133 133 133 133 133 133 134 134 133 133 132 132 130 129 130 130 129 129 129 129 130 130 130 130 131 131 130 130 129 128 128 128 127 127 127 127 126 126 126
136 136 136 136 135 135 134 134 132 132 131 130 130 129 129 129 129 129 129 129 128 129 128 129 130 131 132 133 133 133 133 133 134 133 134 133 133 134 134 133 133 133 131 129 129 130 130 130 129 129 129 129 129 130 130 130 130 129 129 129 128 128 127 127 127 126 126 126 126 126
136 136 137 136 136 136 134 134 134 132 131 131 130 130 129 129 128 128 128 128 127 127 128 128 129 130 131 132 132 133 133 133 133 132 133 134 134 134 133 133 133 133 131 130 131 131 130 129 128 128 128 129 129 130 130 129 129 129 129 129 129 128 127 126 126 126 125 125 125 126
