layers/bio4.asc
NCOLS 292 
NROWS 290 
XLLCORNER -87.625 
YLLCORNER 24.5 
CELLSIZE 0.0416666666666667 
NODATA_value -1.7e+308 
[rows 30 to 59 of 290, columns 136 to 203 of 292]
7371 7376 7384 7399 7398 7387 7406 7405 7391 7390 7390 7419 7442 7429 7421 7441 7463 7473 7501 7515 7526 7552 7563 7586 7590 7590 7586 7591 7601 7618 7603 7619 7603 7609 7593 7571 7578 7540 7545 7527 7511 7512 7484 7497 7513 7503 7507 7503 7498 7508 7521 7516 7483 7511 7505 7490 7487 7510 7505 7521 7482 7474 7485 7499 7517 7497 7497 7483
7355 7387 7373 7384 7373 7401 7402 7395 7401 7391 7407 7404 7413 7409 7407 7441 7451 7473 7495 7500 7537 7542 7580 7563 7579 7588 7612 7568 7580 7592 7586 7575 7565 7571 7561 7551 7532 7531 7511 7516 7506 7500 7501 7489 7496 7507 7510 7504 7497 7519 7521 7483 7510 7500 7501 7515 7482 7505 7503 7503 7488 7487 7497 7489 7495 7488 7497 7493
7367 7395 7378 7379 7390 7378 7395 7412 7412 7391 7409 7415 7413 7420 7429 7420 7473 7473 7478 7510 7521 7532 7563 7569 7573 7569 7583 7568 7568 7561 7553 7565 7553 7553 7531 7528 7513 7505 7511 7511 7489 7509 7479 7507 7502 7504 7519 7504 7526 7521 7505 7510 7513 7520 7499 7494 7487 7505 7505 7503 7497 7490 7480 7490 7492 7499 7492 7493
7355 7377 7371 7384 7382 7378 7395 7379 7398 7380 7392 7387 7415 7404 7415 7417 7461 7473 7496 7498 7503 7558 7569 7558 7578 7567 7566 7551 7547 7561 7536 7542 7518 7499 7518 7503 7485 7506 7507 7511 7506 7495 7503 7497 7512 7519 7514 7542 7537 7526 7528 7514 7509 7510 7498 7505 7494 7492 7481 7476 7490 7474 7485 7478 7492 7482 7493 7485
7382 7371 7377 7377 7366 7374 7390 7401 7397 7382 7387 7392 7415 7413 7413 7409 7451 7477 7490 7488 7520 7525 7537 7558 7557 7571 7557 7547 7530 7523 7506 7504 7488 7484 7489 7488 7472 7466 7477 7467 7474 7505 7512 7487 7510 7498 7498 7542 7509 7528 7495 7504 7517 7488 7494 7489 7494 7491 7491 7497 7474 7468 7480 7467 7471 7450 7470 7474
7369 7388 7388 7376 7388 7388 7377 7391 7398 7392 7389 7399 7396 7420 7420 7418 7451 7449 7482 7488 7509 7524 7528 7551 7544 7556 7533 7519 7513 7509 7494 7484 7476 7453 7448 7455 7468 7459 7457 7466 7450 7479 7496 7494 7501 7503 7531 7536 7531 7523 7487 7515 7503 7488 7478 7503 7493 7491 7464 7469 7485 7463 7465 7462 7466 7450 7450 7447
7386 7381 7392 7381 7381 7379 7373 7362 7370 7388 7394 7395 7393 7415 7392 7425 7407 7473 7462 7491 7504 7509 7518 7517 7545 7534 7530 7517 7497 7492 7475 7470 7450 7449 7438 7418 7430 7425 7451 7437 7446 7466 7495 7490 7486 7500 7495 7515 7531 7520 7509 7476 7503 7481 7498 7491 7483 7477 7481 7475 7453 7463 7451 7467 7441 7434 7445 7417
7395 7402 7414 7387 7398 7388 7386 7381 7382 7397 7382 7392 7412 7415 7436 7447 7444 7473 7450 7488 7488 7525 7530 7527 7523 7517 7512 7507 7482 7468 7440 7424 7399 7432 7395 7373 7390 7401 7421 7429 7445 7456 7474 7484 7490 7500 7512 7505 7485 7517 7514 7498 7496 7514 7504 7484 7470 7472 7459 7457 7467 7448 7446 7441 7446 7433 7434 7418
7427 7429 7428 7403 7415 7389 7396 7384 7376 7376 7381 7388 7388 7398 7436 7429 7423 7444 7460 7469 7486 7512 7512 7511 7517 7497 7497 7476 7459 7447 7431 7401 7393 7396 7378 7351 7362 7387 7368 7412 7425 7463 7459 7486 7490 7500 7497 7495 7489 7497 7507 7507 7488 7487 7472 7480 7459 7469 7474 7434 7456 7451 7431 7436 7424 7417 7395 7397
7459 7422 7395 7393 7400 7398 7389 7396 7381 7376 7393 7414 7410 7398 7415 7429 7418 7444 7467 7465 7485 7506 7488 7491 7491 7479 7468 7450 7462 7436 7398 7398 7359 7368 7352 7362 7356 7379 7389 7401 7445 7434 7434 7451 7484 7472 7484 7489 7479 7503 7474 7484 7503 7491 7486 7460 7451 7459 7448 7436 7443 7441 7441 7387 7389 7398 7389 7364
7448 7445 7428 7404 7408 7394 7402 7397 7370 7374 7400 7387 7399 7408 7419 7419 7429 7434 7463 7465 7474 7474 7502 7468 7474 7474 7457 7435 7429 7404 7393 7365 7357 7328 7334 7335 7361 7379 7379 7368 7395 7434 7439 7444 7456 7466 7463 7484 7464 7475 7479 7468 7470 7491 7481 7470 7457 7446 7436 7436 7415 7427 7420 7414 7386 7357 7370 7365
7432 7412 7425 7390 7393 7378 7366 7395 7364 7379 7384 7412 7401 7401 7403 7429 7429 7434 7465 7466 7465 7457 7465 7469 7474 7435 7435 7435 7414 7387 7372 7345 7352 7329 7330 7323 7341 7356 7389 7384 7390 7420 7408 7428 7445 7430 7447 7433 7461 7451 7458 7447 7463 7452 7451 7447 7431 7437 7430 7418 7403 7390 7390 7385 7385 7347 7329 7315
7433 7407 7392 7381 7388 7405 7373 7357 7373 7388 7384 7406 7391 7412 7396 7401 7422 7405 7434 7443 7440 7442 7447 7462 7447 7424 7424 7409 7382 7371 7370 7338 7341 7341 7341 7323 7335 7333 7356 7379 7368 7390 7409 7420 7423 7423 7420 7423 7413 7424 7423 7458 7435 7429 7439 7425 7417 7412 7419 7419 7402 7366 7352 7369 7361 7351 7350 7315
7440 7395 7415 7381 7388 7377 7379 7371 7371 7379 7373 7384 7399 7378 7396 7390 7403 7422 7410 7438 7432 7434 7422 7430 7413 7403 7414 7383 7389 7377 7357 7333 7312 7328 7328 7328 7322 7324 7334 7334 7350 7368 7373 7390 7409 7397 7418 7413 7416 7418 7427 7429 7409 7418 7409 7397 7401 7408 7402 7407 7385 7365 7345 7335 7321 7320 7289 7282
7420 7412 7387 7373 7351 7383 7363 7351 7366 7377 7366 7382 7366 7399 7388 7383 7421 7422 7413 7416 7423 7431 7421 7420 7410 7391 7388 7388 7366 7349 7324 7310 7306 7312 7322 7317 7303 7307 7312 7319 7347 7347 7378 7368 7357 7395 7407 7390 7390 7418 7399 7389 7390 7400 7395 7376 7365 7360 7381 7399 7370 7364 7350 7339 7325 7299 7284 7275
7396 7386 7373 7362 7389 7345 7351 7345 7350 7361 7383 7376 7366 7361 7399 7388 7406 7396 7422 7396 7411 7414 7399 7425 7398 7366 7354 7361 7343 7334 7310 7295 7291 7297 7297 7291 7298 7323 7309 7324 7335 7324 7347 7346 7357 7368 7367 7379 7385 7374 7380 7396 7374 7382 7377 7358 7358 7360 7353 7374 7361 7343 7332 7307 7309 7281 7277 7271
7398 7392 7366 7362 7351 7349 7346 7371 7371 7344 7380 7365 7376 7361 7399 7377 7388 7411 7412 7388 7414 7411 7393 7394 7378 7378 7349 7339 7333 7326 7305 7273 7286 7275 7286 7276 7280 7291 7312 7303 7313 7331 7342 7331 7345 7345 7344 7357 7351 7368 7375 7384 7367 7377 7372 7360 7358 7348 7354 7346 7310 7303 7307 7274 7263 7261 7250 7230
7386 7382 7360 7361 7339 7345 7357 7346 7355 7358 7359 7359 7375 7387 7394 7388 7388 7392 7383 7372 7393 7383 7403 7364 7361 7366 7339 7337 7305 7289 7281 7269 7254 7248 7248 7285 7275 7277 7314 7328 7312 7297 7317 7324 7324 7324 7323 7346 7334 7334 7339 7340 7334 7352 7325 7327 7330 7329 7335 7327 7302 7299 7286 7282 7228 7236 7219 7229
7374 7355 7355 7360 7357 7356 7355 7339 7350 7365 7347 7381 7363 7363 7376 7376 7365 7364 7371 7383 7393 7392 7376 7354 7344 7333 7328 7306 7287 7269 7275 7230 7225 7243 7243 7246 7265 7254 7282 7275 7260 7285 7312 7312 7312 7323 7313 7323 7311 7320 7307 7327 7317 7318 7325 7315 7294 7285 7317 7317 7302 7280 7281 7266 7250 7247 7209 7219
7363 7355 7358 7344 7334 7334 7355 7327 7332 7350 7353 7354 7366 7354 7354 7370 7365 7360 7364 7381 7371 7374 7354 7365 7341 7328 7305 7294 7278 7257 7248 7243 7222 7220 7222 7237 7253 7254 7260 7258 7257 7258 7280 7279 7284 7301 7304 7295 7304 7307 7307 7303 7297 7290 7301 7310 7277 7276 7285 7279 7306 7292 7260 7243 7257 7212 7213 7175
7365 7360 7349 7342 7327 7336 7344 7332 7332 7344 7348 7333 7353 7338 7350 7364 7366 7364 7364 7373 7375 7355 7364 7337 7332 7316 7294 7274 7258 7236 7232 7237 7226 7221 7220 7210 7246 7225 7243 7246 7242 7248 7280 7268 7251 7268 7292 7283 7273 7273 7273 7275 7302 7285 7264 7292 7281 7268 7271 7279 7268 7256 7225 7230 7193 7174 7193 7191
7353 7332 7342 7343 7333 7316 7344 7316 7350 7332 7355 7353 7338 7361 7343 7343 7364 7344 7352 7346 7368 7363 7344 7321 7288 7305 7284 7258 7248 7240 7231 7209 7199 7199 7188 7198 7213 7225 7224 7248 7246 7258 7246 7242 7247 7268 7261 7269 7275 7268 7269 7271 7275 7276 7286 7258 7271 7249 7238 7252 7224 7235 7204 7196 7200 7182 7166 7160
7343 7332 7332 7338 7338 7342 7338 7321 7338 7339 7328 7328 7349 7333 7339 7343 7345 7364 7352 7353 7351 7347 7353 7303 7300 7263 7263 7242 7227 7214 7205 7188 7189 7190 7177 7195 7201 7202 7215 7214 7225 7242 7230 7251 7237 7242 7241 7237 7236 7249 7258 7252 7246 7249 7244 7243 7244 7227 7210 7235 7214 7204 7176 7192 7176 7146 7152 7132
7331 7343 7321 7332 7331 7328 7318 7333 7326 7321 7310 7328 7328 7338 7329 7315 7332 7332 7332 7343 7333 7329 7330 7303 7289 7266 7251 7219 7209 7194 7163 7170 7173 7179 7175 7189 7199 7198 7215 7213 7208 7219 7226 7230 7229 7225 7227 7250 7230 7251 7229 7218 7227 7210 7208 7229 7222 7227 7222 7208 7201 7181 7192 7165 7162 7142 7135 7130
7326 7309 7332 7321 7315 7332 7320 7318 7326 7309 7310 7321 7317 7318 7329 7328 7317 7328 7310 7324 7324 7313 7296 7281 7264 7266 7229 7218 7188 7154 7158 7160 7138 7154 7166 7179 7181 7181 7190 7196 7198 7214 7207 7201 7209 7222 7229 7202 7237 7229 7229 7202 7192 7176 7222 7199 7188 7180 7190 7157 7159 7168 7169 7154 7135 7116 7113 7110
7333 7314 7347 7342 7321 7332 7321 7333 7297 7306 7305 7299 7296 7285 7292 7307 7295 7305 7303 7304 7297 7292 7292 7281 7259 7234 7214 7188 7167 7155 7117 7106 7101 7128 7134 7156 7154 7176 7196 7208 7179 7186 7197 7187 7200 7198 7177 7204 7217 7218 7232 7193 7197 7182 7171 7182 7176 7181 7168 7162 7134 7152 7137 7138 7111 7097 7112 7076
7333 7314 7314 7326 7326 7315 7310 7312 7292 7298 7299 7282 7268 7273 7285 7296 7294 7290 7289 7294 7290 7276 7248 7260 7239 7213 7203 7159 7157 7145 7106 7109 7118 7129 7127 7142 7165 7180 7180 7207 7190 7171 7170 7165 7160 7165 7189 7170 7190 7186 7175 7193 7185 7159 7153 7173 7168 7155 7129 7141 7154 7141 7122 7114 7077 7101 7083 7046
7321 7314 7327 7332 7344 7327 7315 7294 7282 7287 7255 7256 7259 7266 7251 7278 7268 7273 7294 7267 7273 7254 7237 7239 7214 7196 7191 7171 7138 7144 7126 7113 7100 7112 7126 7132 7131 7154 7171 7197 7185 7169 7153 7153 7160 7144 7154 7138 7147 7153 7169 7164 7148 7165 7138 7111 7136 7140 7122 7097 7103 7096 7091 7092 7065 7062 7052 7052
7300 7323 7310 7325 7325 7321 7303 7310 7277 7271 7282 7271 7251 7264 7242 7245 7263 7250 7255 7266 7267 7234 7226 7245 7213 7197 7186 7160 7148 7138 7118 7120 7120 7126 7125 7136 7131 7135 7136 7169 7163 7138 7136 7132 7121 7140 7124 7139 7118 7124 7116 7152 7138 7146 7129 7105 7119 7119 7106 7086 7069 7080 7070 7047 7031 7037 7032 7022
7306 7321 7309 7309 7336 7314 7316 7294 7299 7304 7251 7272 7251 7251 7240 7251 7230 7216 7234 7255 7234 7234 7222 7223 7197 7197 7154 7158 7141 7116 7103 7132 7115 7125 7125 7125 7137 7136 7118 7149 7147 7136 7119 7097 7136 7141 7152 7119 7122 7124 7119 7103 7101 7085 7116 7126 7134 7096 7085 7064 7050 7065 7037 7034 7039 7034 7010 7025
