layers/bio4.asc
NCOLS 292 
NROWS 290 
XLLCORNER -87.625 
YLLCORNER 24.5 
CELLSIZE 0.0416666666666667 
NODATA_value -1.7e+308 
[rows 150 to 179 of 290, columns 68 to 135 of 292]
5955 5945 5936 5939 5956 5967 5965 5951 5947 5974 5966 5943 5947 5933 5909 5902 5912 5930 5897 5898 5864 5844 5847 5847 5856 5850 5842 5833 5849 5848 5838 5826 5828 5821 5812 5802 5804 5813 5800 5826 5800 5766 5771 5765 5743 5712 5710 5714 5730 5700 5681 5673 5681 5666 5673 5654 5659 5679 5651 5683 5671 5657 5684 5647 5652 5652 5652 5644
5914 5917 5931 5928 5941 5951 5957 5947 5937 5939 5954 5931 5919 5915 5920 5893 5879 5880 5905 5888 5858 5848 5817 5818 5854 5839 5820 5809 5819 5823 5809 5798 5806 5800 5799 5794 5782 5798 5811 5781 5754 5751 5755 5748 5735 5718 5719 5706 5696 5679 5678 5676 5670 5682 5654 5627 5633 5622 5654 5651 5642 5655 5643 5642 5660 5637 5625 5624
5940 5932 5899 5908 5913 5913 5908 5926 5920 5909 5928 5911 5903 5920 5903 5898 5868 5835 5848 5858 5849 5839 5800 5803 5799 5804 5809 5790 5801 5779 5773 5818 5813 5797 5804 5786 5777 5772 5761 5753 5770 5737 5754 5753 5730 5708 5719 5683 5660 5654 5647 5647 5637 5627 5640 5646 5631 5633 5624 5635 5637 5626 5618 5595 5607 5598 5615 5623
5903 5902 5911 5901 5903 5898 5889 5921 5901 5902 5895 5902 5873 5856 5882 5884 5854 5851 5848 5826 5821 5812 5780 5780 5786 5784 5788 5770 5764 5763 5755 5786 5781 5760 5759 5768 5766 5785 5794 5766 5762 5737 5731 5736 5691 5668 5662 5651 5662 5624 5624 5612 5605 5615 5618 5609 5595 5618 5586 5605 5614 5606 5605 5585 5573 5598 5589 5599
5909 5898 5877 5889 5900 5900 5894 5889 5883 5881 5866 5870 5879 5874 5838 5842 5857 5857 5813 5799 5815 5814 5820 5770 5784 5783 5765 5752 5741 5743 5755 5748 5748 5735 5758 5758 5765 5769 5756 5752 5748 5742 5700 5672 5646 5662 5647 5620 5616 5616 5617 5581 5583 5560 5601 5580 5577 5564 5558 5578 5570 5556 5572 5563 5597 5578 5561 5557
5860 5869 5878 5859 5862 5865 5853 5865 5864 5866 5843 5837 5859 5847 5839 5814 5816 5824 5809 5809 5785 5781 5777 5759 5739 5744 5740 5736 5708 5736 5725 5756 5740 5752 5765 5761 5760 5739 5715 5733 5720 5710 5685 5635 5628 5639 5625 5632 5609 5604 5577 5578 5577 5583 5572 5559 5565 5552 5553 5548 5535 5545 5557 5560 5542 5535 5546 5536
5850 5828 5803 5827 5837 5853 5853 5838 5835 5827 5844 5823 -1.7e+308 -1.7e+308 -1.7e+308 -1.7e+308 -1.7e+308 -1.7e+308 -1.7e+308 -1.7e+308 5766 5761 5741 5751 5759 5743 5721 5703 5704 5718 5730 5737 5735 5754 5746 5733 5723 5712 5748 5722 5717 5696 5673 5659 5650 5641 5599 5600 5583 5562 5548 5567 5544 5564 5568 5554 5531 5544 5554 5520 5541 5546 5518 5528 5519 5509 5525 5498
5829 5832 5834 5845 5849 5824 5812 5828 5827 5816 5835 -1.7e+308 -1.7e+308 -1.7e+308 -1.7e+308 -1.7e+308 -1.7e+308 -1.7e+308 -1.7e+308 -1.7e+308 -1.7e+308 -1.7e+308 5713 5736 5727 5731 5697 5675 5678 5701 5706 5715 5706 5732 5732 5716 5706 5711 5718 5723 5719 5675 5664 5619 5651 5607 5601 5568 5573 5558 5520 5520 5519 5524 5548 5526 5527 5538 5515 5507 5504 5508 5512 5503 5504 5480 5466 5479
5822 5821 5805 5806 5835 5812 5793 5805 5798 5808 5799 -1.7e+308 -1.7e+308 -1.7e+308 -1.7e+308 -1.7e+308 -1.7e+308 -1.7e+308 -1.7e+308 -1.7e+308 -1.7e+308 -1.7e+308 -1.7e+308 -1.7e+308 5712 5718 5704 5697 5673 5670 5674 5681 5706 5708 5697 5705 5705 5700 5715 5725 5687 5669 5643 5632 5606 5595 5577 5562 5550 5542 5547 5529 5516 5519 5510 5508 5496 5499 5489 5496 5505 5501 5465 5455 5443 5437 5469 5467
5791 5801 5806 5805 5789 5782 5791 5767 5779 5800 5770 -1.7e+308 -1.7e+308 -1.7e+308 -1.7e+308 -1.7e+308 -1.7e+308 -1.7e+308 -1.7e+308 -1.7e+308 -1.7e+308 -1.7e+308 -1.7e+308 -1.7e+308 -1.7e+308 -1.7e+308 5683 5692 5667 5655 5663 5682 5696 5696 5699 5693 5695 5690 5686 5667 5679 5657 5633 5606 5597 5583 5573 5568 5536 5544 5532 5502 5499 5503 5466 5471 5457 5486 5472 5469 5480 5446 5451 5441 5436 5439 5443 5423
5768 5787 5781 5767 5774 5782 -1.7e+308 -1.7e+308 -1.7e+308 -1.7e+308 -1.7e+308 -1.7e+308 -1.7e+308 -1.7e+308 -1.7e+308 -1.7e+308 -1.7e+308 -1.7e+308 -1.7e+308 -1.7e+308 -1.7e+308 -1.7e+308 -1.7e+308 -1.7e+308 -1.7e+308 -1.7e+308 -1.7e+308 5682 5653 5683 5669 5669 5681 5657 5668 5683 5680 5681 5647 5628 5656 5628 5614 5587 5564 5560 5558 5565 5527 5497 5509 5482 5473 5482 5465 5456 5447 5465 5450 5430 5453 5433 5427 5411 5432 5417 5404 5404
5780 5759 5765 5772 5772 -1.7e+308 -1.7e+308 -1.7e+308 -1.7e+308 -1.7e+308 -1.7e+308 -1.7e+308 -1.7e+308 -1.7e+308 -1.7e+308 -1.7e+308 -1.7e+308 -1.7e+308 -1.7e+308 -1.7e+308 -1.7e+308 -1.7e+308 -1.7e+308 -1.7e+308 -1.7e+308 -1.7e+308 -1.7e+308 -1.7e+308 5653 5659 5657 5675 5683 5662 5652 5660 5674 5651 5634 5635 5624 5624 5603 5553 5545 5561 5526 5525 5461 5469 5446 5445 5436 5455 5449 5426 5457 5435 5417 5428 5406 5413 5380 5407 5394 5379 5385 5386
5724 5738 5718 -1.7e+308 5747 -1.7e+308 -1.7e+308 -1.7e+308 -1.7e+308 -1.7e+308 -1.7e+308 -1.7e+308 -1.7e+308 -1.7e+308 -1.7e+308 -1.7e+308 -1.7e+308 -1.7e+308 -1.7e+308 -1.7e+308 -1.7e+308 -1.7e+308 -1.7e+308 -1.7e+308 -1.7e+308 -1.7e+308 -1.7e+308 -1.7e+308 -1.7e+308 5649 5647 5637 5661 5655 5668 5657 5634 5621 5620 5603 5591 5611 5585 5541 5526 5531 5514 5485 5461 5445 5419 5433 5443 5434 5430 5423 5402 5428 5416 5385 5396 5387 5375 5375 5372 5365 5361 5366
5746 -1.7e+308 5729 -1.7e+308 -1.7e+308 -1.7e+308 -1.7e+308 -1.7e+308 -1.7e+308 -1.7e+308 -1.7e+308 -1.7e+308 -1.7e+308 -1.7e+308 -1.7e+308 -1.7e+308 -1.7e+308 -1.7e+308 -1.7e+308 -1.7e+308 -1.7e+308 -1.7e+308 -1.7e+308 -1.7e+308 -1.7e+308 -1.7e+308 -1.7e+308 -1.7e+308 -1.7e+308 5620 5628 5651 5643 5632 5640 5653 5642 5627 5644 5586 5573 5565 5537 5516 5520 5511 5490 5479 5465 5435 5407 5388 5409 5398 5412 5418 5380 5396 5391 5367 5383 5389 5361 5364 5359 5335 5351 5327
5740 -1.7e+308 -1.7e+308 -1.7e+308 -1.7e+308 -1.7e+308 -1.7e+308 -1.7e+308 -1.7e+308 -1.7e+308 -1.7e+308 -1.7e+308 -1.7e+308 -1.7e+308 -1.7e+308 -1.7e+308 -1.7e+308 -1.7e+308 -1.7e+308 -1.7e+308 -1.7e+308 -1.7e+308 -1.7e+308 -1.7e+308 -1.7e+308 -1.7e+308 -1.7e+308 -1.7e+308 -1.7e+308 -1.7e+308 5601 5618 5589 5611 5611 5614 5610 5586 5610 5563 5575 5545 5523 5503 5477 5479 5482 5445 5460 5440 5411 5397 5394 5368 5377 5395 5377 5392 5365 5384 5343 5371 5359 5346 5343 5305 5314 5309
-1.7e+308 -1.7e+308 -1.7e+308 -1.7e+308 -1.7e+308 -1.7e+308 -1.7e+308 -1.7e+308 -1.7e+308 -1.7e+308 -1.7e+308 -1.7e+308 -1.7e+308 -1.7e+308 -1.7e+308 -1.7e+308 -1.7e+308 -1.7e+308 -1.7e+308 -1.7e+308 -1.7e+308 -1.7e+308 -1.7e+308 -1.7e+308 -1.7e+308 -1.7e+308 -1.7e+308 -1.7e+308 -1.7e+308 -1.7e+308 -1.7e+308 -1.7e+308 5596 5588 5587 5601 5577 5556 5568 5557 5554 5526 5504 5481 5481 5468 5466 5438 5423 5427 5389 5366 5382 5347 5361 5328 5357 5336 5350 5353 5318 5320 5332 5328 5303 5301 5285 5290
-1.7e+308 -1.7e+308 -1.7e+308 -1.7e+308 -1.7e+308 -1.7e+308 -1.7e+308 -1.7e+308 -1.7e+308 -1.7e+308 -1.7e+308 -1.7e+308 -1.7e+308 -1.7e+308 -1.7e+308 -1.7e+308 -1.7e+308 -1.7e+308 -1.7e+308 -1.7e+308 -1.7e+308 -1.7e+308 -1.7e+308 -1.7e+308 -1.7e+308 -1.7e+308 -1.7e+308 -1.7e+308 -1.7e+308 -1.7e+308 -1.7e+308 -1.7e+308 -1.7e+308 5575 5563 5571 5562 5535 5530 5532 5513 5477 5474 5476 5437 5429 5430 5426 5418 5399 5387 5357 5355 5337 5351 5308 5338 5312 5298 5318 5300 5316 5309 5299 5309 5282 5282 5246
-1.7e+308 -1.7e+308 -1.7e+308 -1.7e+308 -1.7e+308 -1.7e+308 -1.7e+308 -1.7e+308 -1.7e+308 -1.7e+308 -1.7e+308 -1.7e+308 -1.7e+308 -1.7e+308 -1.7e+308 -1.7e+308 -1.7e+308 -1.7e+308 -1.7e+308 -1.7e+308 -1.7e+308 -1.7e+308 -1.7e+308 -1.7e+308 -1.7e+308 -1.7e+308 -1.7e+308 -1.7e+308 -1.7e+308 -1.7e+308 -1.7e+308 -1.7e+308 -1.7e+308 5553 5544 5534 5551 5518 5498 5502 5490 5477 5468 5445 5411 5405 5403 5385 5381 5388 5359 5308 5307 5335 5324 5305 5311 5291 5276 5306 5289 5271 5284 5269 5281 5252 5250 5243
-1.7e+308 -1.7e+308 -1.7e+308 -1.7e+308 -1.7e+308 -1.7e+308 -1.7e+308 -1.7e+308 -1.7e+308 -1.7e+308 -1.7e+308 -1.7e+308 -1.7e+308 -1.7e+308 -1.7e+308 -1.7e+308 -1.7e+308 -1.7e+308 -1.7e+308 -1.7e+308 -1.7e+308 -1.7e+308 -1.7e+308 -1.7e+308 -1.7e+308 -1.7e+308 -1.7e+308 -1.7e+308 -1.7e+308 -1.7e+308 -1.7e+308 -1.7e+308 -1.7e+308 5557 5524 5518 5520 5479 5478 5460 5464 5454 5445 5442 5369 5359 5379 5376 5342 5351 5325 5306 5309 5309 5280 5296 5296 5278 5269 5261 5248 5248 5258 5237 5237 5226 5214 5185
-1.7e+308 -1.7e+308 -1.7e+308 -1.7e+308 -1.7e+308 -1.7e+308 -1.7e+308 -1.7e+308 -1.7e+308 -1.7e+308 -1.7e+308 -1.7e+308 -1.7e+308 -1.7e+308 -1.7e+308 -1.7e+308 -1.7e+308 -1.7e+308 -1.7e+308 -1.7e+308 -1.7e+308 -1.7e+308 -1.7e+308 -1.7e+308 -1.7e+308 -1.7e+308 -1.7e+308 -1.7e+308 -1.7e+308 -1.7e+308 -1.7e+308 -1.7e+308 -1.7e+308 5486 5508 5495 5495 5485 5467 5429 5439 5415 5413 5379 5353 5345 5331 5350 5342 5330 5309 5266 5275 5292 5276 5270 5263 5252 5250 5221 5227 5230 5214 5204 5202 5207 5196 5177
-1.7e+308 -1.7e+308 -1.7e+308 -1.7e+308 -1.7e+308 -1.7e+308 -1.7e+308 -1.7e+308 -1.7e+308 -1.7e+308 -1.7e+308 -1.7e+308 -1.7e+308 -1.7e+308 -1.7e+308 -1.7e+308 -1.7e+308 -1.7e+308 -1.7e+308 -1.7e+308 -1.7e+308 -1.7e+308 -1.7e+308 -1.7e+308 -1.7e+308 -1.7e+308 -1.7e+308 -1.7e+308 -1.7e+308 -1.7e+308 -1.7e+308 -1.7e+308 -1.7e+308 -1.7e+308 -1.7e+308 5484 5463 5441 5442 5431 5405 5367 5368 5372 5326 5329 5301 5292 5281 5263 5283 5284 5252 5236 5243 5232 5234 5237 5229 5233 5212 5194 5195 5214 5175 5175 5146 5173
-1.7e+308 -1.7e+308 -1.7e+308 -1.7e+308 -1.7e+308 -1.7e+308 -1.7e+308 -1.7e+308 -1.7e+308 -1.7e+308 -1.7e+308 -1.7e+308 -1.7e+308 -1.7e+308 -1.7e+308 -1.7e+308 -1.7e+308 -1.7e+308 -1.7e+308 -1.7e+308 -1.7e+308 -1.7e+308 -1.7e+308 -1.7e+308 -1.7e+308 -1.7e+308 -1.7e+308 -1.7e+308 -1.7e+308 -1.7e+308 -1.7e+308 -1.7e+308 -1.7e+308 -1.7e+308 -1.7e+308 -1.7e+308 5465 5416 5387 5409 5378 5363 5362 5327 5321 5294 5269 5269 5247 5225 5240 5252 5221 5225 5226 5226 5215 5215 5172 5185 5193 5183 5147 5172 5169 5168 5166 5127
-1.7e+308 -1.7e+308 -1.7e+308 -1.7e+308 -1.7e+308 -1.7e+308 -1.7e+308 -1.7e+308 -1.7e+308 -1.7e+308 -1.7e+308 -1.7e+308 -1.7e+308 -1.7e+308 -1.7e+308 -1.7e+308 -1.7e+308 -1.7e+308 -1.7e+308 -1.7e+308 -1.7e+308 -1.7e+308 -1.7e+308 -1.7e+308 -1.7e+308 -1.7e+308 -1.7e+308 -1.7e+308 -1.7e+308 -1.7e+308 -1.7e+308 -1.7e+308 -1.7e+308 -1.7e+308 -1.7e+308 -1.7e+308 -1.7e+308 -1.7e+308 5359 5356 5353 5344 5327 5287 5281 5305 5263 5245 5207 5219 5234 5221 5177 5173 5202 5189 5194 5194 5163 5149 5164 5183 5165 5144 5127 5142 5133 5132
-1.7e+308 -1.7e+308 -1.7e+308 -1.7e+308 -1.7e+308 -1.7e+308 -1.7e+308 -1.7e+308 -1.7e+308 -1.7e+308 -1.7e+308 -1.7e+308 -1.7e+308 -1.7e+308 -1.7e+308 -1.7e+308 -1.7e+308 -1.7e+308 -1.7e+308 -1.7e+308 -1.7e+308 -1.7e+308 -1.7e+308 -1.7e+308 -1.7e+308 -1.7e+308 -1.7e+308 -1.7e+308 -1.7e+308 -1.7e+308 -1.7e+308 -1.7e+308 -1.7e+308 -1.7e+308 -1.7e+308 -1.7e+308 -1.7e+308 -1.7e+308 -1.7e+308 5325 5339 5320 5316 5302 5272 5261 5235 5214 5194 5220 5234 5221 5200 5175 5193 5165 5163 5165 5155 5144 5133 5135 5127 5125 5123 5108 5089 5106
-1.7e+308 -1.7e+308 -1.7e+308 -1.7e+308 -1.7e+308 -1.7e+308 -1.7e+308 -1.7e+308 -1.7e+308 -1.7e+308 -1.7e+308 -1.7e+308 -1.7e+308 -1.7e+308 -1.7e+308 -1.7e+308 -1.7e+308 -1.7e+308 -1.7e+308 -1.7e+308 -1.7e+308 -1.7e+308 -1.7e+308 -1.7e+308 -1.7e+308 -1.7e+308 -1.7e+308 -1.7e+308 -1.7e+308 -1.7e+308 -1.7e+308 -1.7e+308 -1.7e+308 -1.7e+308 -1.7e+308 -1.7e+308 -1.7e+308 -1.7e+308 -1.7e+308 5311 5286 5297 5293 5288 5248 5234 5221 5247 5241 5228 5205 5179 5155 5150 5167 5130 5139 5130 5150 5131 5123 5103 5124 5088 5075 5087 5074 5055
-1.7e+308 -1.7e+308 -1.7e+308 -1.7e+308 -1.7e+308 -1.7e+308 -1.7e+308 -1.7e+308 -1.7e+308 -1.7e+308 -1.7e+308 -1.7e+308 -1.7e+308 -1.7e+308 -1.7e+308 -1.7e+308 -1.7e+308 -1.7e+308 -1.7e+308 -1.7e+308 -1.7e+308 -1.7e+308 -1.7e+308 -1.7e+308 -1.7e+308 -1.7e+308 -1.7e+308 -1.7e+308 -1.7e+308 -1.7e+308 -1.7e+308 -1.7e+308 -1.7e+308 -1.7e+308 -1.7e+308 -1.7e+308 -1.7e+308 -1.7e+308 -1.7e+308 -1.7e+308 5304 5270 5253 5249 5248 5209 5185 5177 5168 5164 5139 5151 5144 5137 5129 5124 5103 5097 5094 5107 5104 5082 5076 5060 5069 5062 5049 5053
-1.7e+308 -1.7e+308 -1.7e+308 -1.7e+308 -1.7e+308 -1.7e+308 -1.7e+308 -1.7e+308 -1.7e+308 -1.7e+308 -1.7e+308 -1.7e+308 -1.7e+308 -1.7e+308 -1.7e+308 -1.7e+308 -1.7e+308 -1.7e+308 -1.7e+308 -1.7e+308 -1.7e+308 -1.7e+308 -1.7e+308 -1.7e+308 -1.7e+308 -1.7e+308 -1.7e+308 -1.7e+308 -1.7e+308 -1.7e+308 -1.7e+308 -1.7e+308 -1.7e+308 -1.7e+308 -1.7e+308 -1.7e+308 -1.7e+308 -1.7e+308 -1.7e+308 -1.7e+308 -1.7e+308 5262 5228 5229 5240 5219 5196 5150 5114 5142 5133 5105 5111 5109 5085 5105 5075 5086 5060 5071 5078 5058 5046 5036 5037 5040 5031 5024
-1.7e+308 -1.7e+308 -1.7e+308 -1.7e+308 -1.7e+308 -1.7e+308 -1.7e+308 -1.7e+308 -1.7e+308 -1.7e+308 -1.7e+308 -1.7e+308 -1.7e+308 -1.7e+308 -1.7e+308 -1.7e+308 -1.7e+308 -1.7e+308 -1.7e+308 -1.7e+308 -1.7e+308 -1.7e+308 -1.7e+308 -1.7e+308 -1.7e+308 -1.7e+308 -1.7e+308 -1.7e+308 -1.7e+308 -1.7e+308 -1.7e+308 -1.7e+308 -1.7e+308 -1.7e+308 -1.7e+308 -1.7e+308 -1.7e+308 -1.7e+308 -1.7e+308 -1.7e+308 -1.7e+308 5211 5224 5193 5193 5193 5169 5140 5164 5132 5112 5106 5098 5082 5082 5061 5093 5077 5077 5065 5053 5040 5053 5028 5006 5023 5009 5013
-1.7e+308 -1.7e+308 -1.7e+308 -1.7e+308 -1.7e+308 -1.7e+308 -1.7e+308 -1.7e+308 -1.7e+308 -1.7e+308 -1.7e+308 -1.7e+308 -1.7e+308 -1.7e+308 -1.7e+308 -1.7e+308 -1.7e+308 -1.7e+308 -1.7e+308 -1.7e+308 -1.7e+308 -1.7e+308 -1.7e+308 -1.7e+308 -1.7e+308 -1.7e+308 -1.7e+308 -1.7e+308 -1.7e+308 -1.7e+308 -1.7e+308 -1.7e+308 -1.7e+308 -1.7e+308 -1.7e+308 -1.7e+308 -1.7e+308 -1.7e+308 -1.7e+308 -1.7e+308 -1.7e+308 -1.7e+308 5189 -1.7e+308 -1.7e+308 -1.7e+308 -1.7e+308 5160 5132 5121 5122 5094 5073 5077 5079 5035 5049 5033 5025 5025 5033 5024 5021 5009 5008 5011 5019 4995
-1.7e+308 -1.7e+308 -1.7e+308 -1.7e+308 -1.7e+308 -1.7e+308 -1.7e+308 -1.7e+308 -1.7e+308 -1.7e+308 -1.7e+308 -1.7e+308 -1.7e+308 -1.7e+308 -1.7e+308 -1.7e+308 -1.7e+308 -1.7e+308 -1.7e+308 -1.7e+308 -1.7e+308 -1.7e+308 -1.7e+308 -1.7e+308 -1.7e+308 -1.7e+308 -1.7e+308 -1.7e+308 -1.7e+308 -1.7e+308 -1.7e+308 -1.7e+308 -1.7e+308 -1.7e+308 -1.7e+308 -1.7e+308 -1.7e+308 -1.7e+308 -1.7e+308 -1.7e+308 -1.7e+308 -1.7e+308 -1.7e+308 -1.7e+308 -1.7e+308 -1.7e+308 -1.7e+308 5087 5086 5096 5082 5081 5097 5045 5032 5039 5025 5025 5011 5005 5004 5006 4995 4981 4995 4989 4986 4978
