layers/bio4.asc
NCOLS 292 
NROWS 290 
XLLCORNER -87.625 
YLLCORNER 24.5 
CELLSIZE 0.0416666666666667 
NODATA_value -1.7e+308 
[rows 30 to 59 of 290, columns 204 to 271 of 292]
7488 7488 7471 7475 7475 7475 7460 7439 7461 7426 7415 7389 7388 7357 7353 7351 7341 7315 7322 7329 7340 7298 7310 7314 7325 7314 7335 7332 7327 7300 7259 7237 7227 7193 7165 7153 7144 7100 7128 7132 7123 7129 7131 7147 7144 7166 7160 7151 7155 7173 7178 7176 7170 7165 7180 7142 7170 7161 7161 7161 7145 7124 7109 7075 -1.7e+308 -1.7e+308 -1.7e+308 -1.7e+308
7475 7473 7480 7480 7469 7453 7460 7426 7433 7402 7405 7375 7381 7378 7361 7330 7335 7327 7309 7319 7325 7272 7296 7319 7287 7326 7303 7293 7289 7273 7237 7215 7200 7166 7155 7131 7110 7099 7106 7110 7109 7114 7103 7109 7143 7118 7146 7157 7145 7144 7137 7155 7145 7165 7160 7156 7172 7139 7147 7138 7106 7107 7074 7065 -1.7e+308 -1.7e+308 -1.7e+308 -1.7e+308
7494 7489 7463 7480 7452 7463 7454 7422 7405 7408 7403 7383 7366 7344 7328 7327 7316 7320 7319 7291 7268 7300 7273 7283 7303 7289 7299 7269 7252 7237 7228 7181 7169 7154 7130 7107 7084 7094 7087 7080 7102 7088 7099 7105 7110 7131 7126 7120 7125 7116 7121 7144 7135 7147 7158 7128 7123 7136 7131 7128 7102 7090 7083 7070 -1.7e+308 -1.7e+308 -1.7e+308 -1.7e+308
7483 7501 7485 7468 7463 7441 7425 7404 7388 7390 7346 7354 7350 7316 7316 7309 7309 7307 7293 7242 7242 7267 7270 7253 7244 7274 7251 7237 7220 7209 7188 7179 7157 7129 7120 7080 7062 7061 7068 7086 7066 7053 7080 7068 7066 7088 7121 7088 7120 7121 7106 7106 7127 7114 7094 7120 7134 7116 7096 7100 7095 7078 7081 -1.7e+308 -1.7e+308 -1.7e+308 -1.7e+308 -1.7e+308
7486 7458 7462 7463 7451 7426 7427 7389 7363 7367 7354 7320 7322 7316 7303 7305 7273 7269 7263 7264 7245 7225 7210 7248 7237 7226 7218 7220 7216 7188 7179 7158 7120 7119 7114 7084 7071 7054 7056 7051 7052 7057 7048 7063 7054 7060 7082 7082 7095 7074 7089 7096 7109 7109 7121 7103 7082 7112 7087 7081 7058 7046 7053 -1.7e+308 -1.7e+308 -1.7e+308 -1.7e+308 -1.7e+308
7452 7437 7441 7428 7435 7416 7399 7362 7341 7336 7331 7343 7300 7288 7281 7283 7245 7259 7247 7226 7230 7214 7204 7200 7204 7188 7200 7169 7177 7150 7117 7119 7093 7083 7085 7067 7046 7052 7040 7048 7059 7032 7023 7039 7051 7028 7063 7056 7074 7091 7086 7099 7081 7080 7085 7115 7087 7078 7075 7074 7041 7061 -1.7e+308 -1.7e+308 -1.7e+308 -1.7e+308 -1.7e+308 -1.7e+308
7425 7439 7404 7416 7404 7389 7377 7359 7340 7310 7310 7299 7288 7263 7256 7251 7247 7230 7228 7221 7188 7194 7193 7183 7177 7166 7147 7140 7141 7141 7132 7111 7096 7067 7045 7055 7038 7057 7041 7045 7027 7019 7031 7029 7018 7037 7047 7051 7065 7037 7075 7075 7087 7075 7072 7056 7062 7072 7072 7050 7053 -1.7e+308 -1.7e+308 7028 7015 -1.7e+308 -1.7e+308 -1.7e+308
7384 7393 7405 7386 7370 7368 7341 7343 7333 7286 7273 7273 7262 7229 7216 7209 7206 7228 7225 7204 7181 7171 7138 7125 7124 7146 7142 7128 7129 7099 7104 7080 7084 7079 7046 7035 7031 7037 7017 7025 6996 7001 6990 6998 6988 7009 7026 7025 7014 7047 7048 7055 7054 7067 7066 7045 7041 7035 7031 -1.7e+308 -1.7e+308 7019 7021 7033 6986 -1.7e+308 6956 6963
7419 7374 7374 7359 7352 7347 7336 7308 7314 7289 7279 7274 7229 7220 7210 7185 7173 7185 7184 7204 7182 7156 7130 7122 7108 7086 7078 7098 7093 7090 7062 7064 7053 7049 7033 7033 7034 7006 7018 6995 6985 6975 6981 6993 6986 6989 7008 6991 7036 7035 7056 7052 7049 7064 7062 7037 7027 7040 6983 7011 7001 6986 7012 6980 6986 6980 6976 6971
7361 7338 7342 7353 7330 7319 7287 7263 7271 7263 7273 7251 7218 7213 7187 7189 7184 7182 7156 7139 7164 7125 7115 7116 7086 7075 7076 7065 7071 7072 7076 7072 7054 7030 7021 6998 7007 7010 6986 6973 6993 6953 6959 6963 6956 6974 6998 6970 7014 7011 7021 7037 7041 7063 7056 7039 7015 7024 6997 7025 7017 6987 6999 6977 6943 6934 6942 6977
7331 7319 7312 7304 7277 7289 7269 7258 7252 7246 7240 7196 7182 7177 7167 7172 7157 7157 7123 7123 7103 7104 7093 7081 7068 7070 7022 7045 7071 7057 7043 7016 7015 7007 7007 6986 6995 6986 6986 6951 6953 6938 6946 6954 6930 6938 6964 6965 6988 6982 6983 7016 7032 7023 7034 7016 7015 7016 6985 6969 6977 6948 6948 6930 6949 6921 6929 6944
7317 7340 7331 7302 7285 7262 7251 7246 7209 7226 7202 7179 7179 7150 7124 7124 7136 7140 7102 7103 7094 7077 7079 7067 7065 7031 7039 7046 7030 7035 7031 7003 6996 7006 7008 6978 6966 6957 6981 6973 6960 6944 6934 6899 6917 6942 6947 6935 6968 6977 6980 7003 7006 7057 7004 7015 6996 6958 6932 6935 6941 6945 6931 6920 6932 6919 6870 6880
7303 7260 7252 7242 7238 7233 7213 7231 7207 7216 7190 7167 7145 7157 7142 7118 7110 7095 7089 7070 7072 7061 7049 7056 7026 7034 7035 7025 7000 7003 6988 6985 6999 6967 6978 6967 6953 6975 6959 6954 6941 6926 6927 6894 6895 6916 6948 6951 6948 6937 6985 6973 6993 7009 6994 6973 6959 6947 6909 6915 6928 6909 6915 6898 6907 6870 -1.7e+308 -1.7e+308
7277 7247 7248 7228 7221 7218 7215 7193 7185 7193 7161 7126 7142 7142 7103 7110 7091 7077 7050 7072 7034 7055 7046 7023 7036 7007 7007 7000 6979 6975 6971 6987 6972 6955 6986 6991 6962 6968 6970 6964 6937 6939 6936 6932 6890 6912 6925 6937 6937 6923 6978 6949 6961 6977 6976 6930 6933 6902 6926 6920 6901 6879 6873 6859 6867 -1.7e+308 -1.7e+308 -1.7e+308
7232 7235 7252 7223 7212 7196 7195 7178 7186 7174 7126 7122 7121 7095 7101 7077 7070 7071 7043 7046 7023 7001 6974 6987 6987 6988 6987 6961 6947 6965 6978 6970 6950 6957 6953 6946 6941 6958 6948 6947 6939 6930 6920 6893 6916 6912 6914 6931 6922 6937 6920 6932 6931 6977 6934 6911 6891 6881 6872 6860 6852 6887 6869 6858 6872 -1.7e+308 -1.7e+308 -1.7e+308
7224 7206 7241 7205 7197 7192 7159 7136 7152 7128 7116 7105 7108 7092 7046 7031 7039 7040 7042 7034 6997 6991 6961 6963 6986 6960 6933 6947 6934 6962 6955 6940 6951 6935 6938 6953 6938 6948 6924 6907 6922 6930 6935 6940 6933 6901 6907 6905 6899 6924 6915 6912 6886 6907 6896 -1.7e+308 -1.7e+308 -1.7e+308 -1.7e+308 6859 6844 6836 6869 6853 -1.7e+308 -1.7e+308 -1.7e+308 -1.7e+308
7232 7172 7177 7181 7193 7166 7166 7160 7130 7110 7089 7089 7069 7074 7047 7014 7022 7017 7045 7017 7007 6977 6966 6956 6958 6943 6936 6943 6934 6956 6945 6949 6933 6939 6937 6938 6914 6912 6909 6920 6936 6925 6919 6894 6896 6885 6887 6889 6858 -1.7e+308 -1.7e+308 -1.7e+308 -1.7e+308 -1.7e+308 -1.7e+308 -1.7e+308 -1.7e+308 -1.7e+308 -1.7e+308 -1.7e+308 -1.7e+308 6826 6818 -1.7e+308 -1.7e+308 -1.7e+308 -1.7e+308 -1.7e+308
7219 7205 7160 7169 7149 7153 7155 7147 7117 7100 7091 7059 7053 7037 7037 7022 7004 7015 6993 6987 6987 6992 6978 6966 6945 6944 6932 6895 6918 6934 6934 6926 6951 6952 6931 6916 6898 6913 6913 6903 6926 6900 6893 6877 6880 6873 -1.7e+308 -1.7e+308 -1.7e+308 -1.7e+308 -1.7e+308 -1.7e+308 -1.7e+308 -1.7e+308 -1.7e+308 -1.7e+308 -1.7e+308 -1.7e+308 -1.7e+308 -1.7e+308 -1.7e+308 -1.7e+308 -1.7e+308 -1.7e+308 -1.7e+308 -1.7e+308 -1.7e+308 -1.7e+308
7181 7188 7183 7158 7150 7133 7127 7135 7111 7091 7052 7062 7043 7037 7042 7009 6999 6999 6978 6988 6987 6952 6950 6948 6949 6937 6912 6933 6938 6915 6924 6918 6920 6931 6916 6916 6913 6885 6909 6909 6881 6923 6873 6857 -1.7e+308 -1.7e+308 -1.7e+308 -1.7e+308 -1.7e+308 -1.7e+308 -1.7e+308 -1.7e+308 -1.7e+308 -1.7e+308 -1.7e+308 -1.7e+308 -1.7e+308 -1.7e+308 -1.7e+308 -1.7e+308 -1.7e+308 -1.7e+308 -1.7e+308 -1.7e+308 -1.7e+308 -1.7e+308 -1.7e+308 -1.7e+308
7173 7155 7148 7143 7123 7133 7116 7114 7084 7084 7057 7059 7034 7025 7026 6993 7001 6982 6977 6966 6977 6943 6958 6967 6953 6937 6922 6911 6928 6917 6908 6924 6911 6882 6882 6885 6902 6908 6897 6873 6875 6877 -1.7e+308 -1.7e+308 -1.7e+308 -1.7e+308 -1.7e+308 -1.7e+308 -1.7e+308 -1.7e+308 -1.7e+308 -1.7e+308 -1.7e+308 -1.7e+308 -1.7e+308 -1.7e+308 -1.7e+308 -1.7e+308 -1.7e+308 -1.7e+308 -1.7e+308 -1.7e+308 -1.7e+308 -1.7e+308 -1.7e+308 -1.7e+308 -1.7e+308 -1.7e+308
7149 7166 7139 7124 7111 7111 7112 7103 7080 7084 7035 7037 7021 7006 7003 7001 6980 6978 6967 6978 6949 6934 6929 6939 6913 6901 6930 6928 6903 6907 6903 6921 6898 6909 6882 6866 6871 6878 6865 6868 -1.7e+308 -1.7e+308 -1.7e+308 -1.7e+308 -1.7e+308 -1.7e+308 -1.7e+308 -1.7e+308 -1.7e+308 -1.7e+308 -1.7e+308 -1.7e+308 -1.7e+308 -1.7e+308 -1.7e+308 -1.7e+308 -1.7e+308 -1.7e+308 -1.7e+308 -1.7e+308 -1.7e+308 -1.7e+308 -1.7e+308 -1.7e+308 -1.7e+308 -1.7e+308 -1.7e+308 -1.7e+308
7140 7136 7133 7107 7128 7106 7092 7081 7053 7043 7034 6999 7007 6994 6990 6972 6958 6958 6946 6947 6932 6914 6910 6928 6931 6908 6918 6909 6904 6908 6910 6886 6863 6889 6886 6887 6890 6877 6868 -1.7e+308 -1.7e+308 -1.7e+308 -1.7e+308 -1.7e+308 -1.7e+308 -1.7e+308 -1.7e+308 -1.7e+308 -1.7e+308 -1.7e+308 -1.7e+308 -1.7e+308 -1.7e+308 -1.7e+308 -1.7e+308 -1.7e+308 -1.7e+308 -1.7e+308 -1.7e+308 -1.7e+308 -1.7e+308 -1.7e+308 -1.7e+308 -1.7e+308 -1.7e+308 -1.7e+308 -1.7e+308 -1.7e+308
7131 7112 7120 7109 7101 7074 7087 7081 7082 7050 7015 7013 7005 6994 6991 6978 6947 6943 6959 6945 6939 6920 6920 6930 6914 6907 6924 6891 6893 6911 6893 6864 6851 6861 6878 6865 6850 -1.7e+308 -1.7e+308 -1.7e+308 -1.7e+308 -1.7e+308 -1.7e+308 -1.7e+308 -1.7e+308 -1.7e+308 -1.7e+308 -1.7e+308 -1.7e+308 -1.7e+308 -1.7e+308 -1.7e+308 -1.7e+308 -1.7e+308 -1.7e+308 -1.7e+308 -1.7e+308 -1.7e+308 -1.7e+308 -1.7e+308 -1.7e+308 -1.7e+308 -1.7e+308 -1.7e+308 -1.7e+308 -1.7e+308 -1.7e+308 -1.7e+308
7089 7108 7091 7081 7084 7073 7065 7057 7042 7032 7003 7001 6989 6991 6989 6966 6933 6951 6948 6948 6927 6913 6920 6913 6890 6904 6900 6883 6904 6894 6876 6869 6864 6873 6849 6872 -1.7e+308 -1.7e+308 -1.7e+308 -1.7e+308 -1.7e+308 -1.7e+308 -1.7e+308 -1.7e+308 -1.7e+308 -1.7e+308 -1.7e+308 -1.7e+308 -1.7e+308 -1.7e+308 -1.7e+308 -1.7e+308 -1.7e+308 -1.7e+308 -1.7e+308 -1.7e+308 -1.7e+308 -1.7e+308 -1.7e+308 -1.7e+308 -1.7e+308 -1.7e+308 -1.7e+308 -1.7e+308 -1.7e+308 -1.7e+308 -1.7e+308 -1.7e+308
7086 7109 7090 7076 7057 7060 7047 7060 7051 7031 7011 7006 6988 6978 6949 6941 6935 6951 6944 6942 6909 6919 6908 6901 6893 6895 6879 6918 6896 6880 6892 6889 6865 6847 -1.7e+308 -1.7e+308 -1.7e+308 -1.7e+308 -1.7e+308 -1.7e+308 -1.7e+308 -1.7e+308 -1.7e+308 -1.7e+308 -1.7e+308 -1.7e+308 -1.7e+308 -1.7e+308 -1.7e+308 -1.7e+308 -1.7e+308 -1.7e+308 -1.7e+308 -1.7e+308 -1.7e+308 -1.7e+308 -1.7e+308 -1.7e+308 -1.7e+308 -1.7e+308 -1.7e+308 -1.7e+308 -1.7e+308 -1.7e+308 -1.7e+308 -1.7e+308 -1.7e+308 -1.7e+308
7081 7070 7055 7057 7063 7029 7015 7030 6999 6998 6953 6965 6958 6960 6955 6935 6939 6920 6902 6921 6887 6893 6906 6884 6901 6876 6872 6876 6903 6863 6891 6872 6841 -1.7e+308 -1.7e+308 -1.7e+308 -1.7e+308 -1.7e+308 -1.7e+308 -1.7e+308 -1.7e+308 -1.7e+308 -1.7e+308 -1.7e+308 -1.7e+308 -1.7e+308 -1.7e+308 -1.7e+308 -1.7e+308 -1.7e+308 -1.7e+308 -1.7e+308 -1.7e+308 -1.7e+308 -1.7e+308 -1.7e+308 -1.7e+308 -1.7e+308 -1.7e+308 -1.7e+308 -1.7e+308 -1.7e+308 -1.7e+308 -1.7e+308 -1.7e+308 -1.7e+308 -1.7e+308 -1.7e+308
7055 7073 7019 7038 7022 7000 7015 7021 7010 6985 6979 6962 6966 6945 6940 6910 6902 6893 6905 6900 6879 6880 6877 6877 6884 6894 6863 6870 6883 6856 6845 6822 -1.7e+308 -1.7e+308 -1.7e+308 -1.7e+308 -1.7e+308 -1.7e+308 -1.7e+308 -1.7e+308 -1.7e+308 -1.7e+308 -1.7e+308 -1.7e+308 -1.7e+308 -1.7e+308 -1.7e+308 -1.7e+308 -1.7e+308 -1.7e+308 -1.7e+308 -1.7e+308 -1.7e+308 -1.7e+308 -1.7e+308 -1.7e+308 -1.7e+308 -1.7e+308 -1.7e+308 -1.7e+308 -1.7e+308 -1.7e+308 -1.7e+308 -1.7e+308 -1.7e+308 -1.7e+308 -1.7e+308 -1.7e+308
7038 7023 7022 7021 7034 7020 6997 6970 6960 6948 6937 6939 6945 6928 6910 6902 6897 6927 6899 6859 6852 6881 6887 6879 6858 6859 6864 6876 6859 6867 6828 6809 -1.7e+308 -1.7e+308 -1.7e+308 -1.7e+308 -1.7e+308 -1.7e+308 -1.7e+308 -1.7e+308 -1.7e+308 -1.7e+308 -1.7e+308 -1.7e+308 -1.7e+308 -1.7e+308 -1.7e+308 -1.7e+308 -1.7e+308 -1.7e+308 -1.7e+308 -1.7e+308 -1.7e+308 -1.7e+308 -1.7e+308 -1.7e+308 -1.7e+308 -1.7e+308 -1.7e+308 -1.7e+308 -1.7e+308 -1.7e+308 -1.7e+308 -1.7e+308 -1.7e+308 -1.7e+308 -1.7e+308 -1.7e+308
7034 7013 6985 6996 6986 6987 6953 6971 6937 6947 6949 6946 6927 6928 6907 6892 6906 6912 6851 6850 6884 6861 6849 6855 6843 6843 6820 6845 6834 6830 6817 -1.7e+308 -1.7e+308 -1.7e+308 -1.7e+308 -1.7e+308 -1.7e+308 -1.7e+308 -1.7e+308 -1.7e+308 -1.7e+308 -1.7e+308 -1.7e+308 -1.7e+308 -1.7e+308 -1.7e+308 -1.7e+308 -1.7e+308 -1.7e+308 -1.7e+308 -1.7e+308 -1.7e+308 -1.7e+308 -1.7e+308 -1.7e+308 -1.7e+308 -1.7e+308 -1.7e+308 -1.7e+308 -1.7e+308 -1.7e+308 -1.7e+308 -1.7e+308 -1.7e+308 -1.7e+308 -1.7e+308 -1.7e+308 -1.7e+308
7007 6995 6993 6991 6978 6954 6935 6929 6941 6952 6942 6914 6904 6907 6905 6922 6885 6862 6868 6862 6867 6817 6808 6828 6839 6820 6825 6827 6821 6812 -1.7e+308 -1.7e+308 -1.7e+308 -1.7e+308 -1.7e+308 -1.7e+308 -1.7e+308 -1.7e+308 -1.7e+308 -1.7e+308 -1.7e+308 -1.7e+308 -1.7e+308 -1.7e+308 -1.7e+308 -1.7e+308 -1.7e+308 -1.7e+308 -1.7e+308 -1.7e+308 -1.7e+308 -1.7e+308 -1.7e+308 -1.7e+308 -1.7e+308 -1.7e+308 -1.7e+308 -1.7e+308 -1.7e+308 -1.7e+308 -1.7e+308 -1.7e+308 -1.7e+308 -1.7e+308 -1.7e+308 -1.7e+308 -1.7e+308 -1.7e+308
