layers/bio4.asc
NCOLS 292 
NROWS 290 
XLLCORNER -87.625 
YLLCORNER 24.5 
CELLSIZE 0.0416666666666667 
NODATA_value -1.7e+308 
[rows 120 to 149 of 290, columns 0 to 67 of 292]
-1.7e+308 -1.7e+308 -1.7e+308 -1.7e+308 -1.7e+308 -1.7e+308 -1.7e+308 -1.7e+308 -1.7e+308 -1.7e+308 -1.7e+308 -1.7e+308 -1.7e+308 -1.7e+308 -1.7e+308 -1.7e+308 -1.7e+308 -1.7e+308 -1.7e+308 -1.7e+308 -1.7e+308 -1.7e+308 -1.7e+308 -1.7e+308 -1.7e+308 -1.7e+308 -1.7e+308 -1.7e+308 -1.7e+308 -1.7e+308 -1.7e+308 -1.7e+308 -1.7e+308 -1.7e+308 -1.7e+308 -1.7e+308 -1.7e+308 -1.7e+308 -1.7e+308 -1.7e+308 -1.7e+308 -1.7e+308 -1.7e+308 -1.7e+308 -1.7e+308 -1.7e+308 -1.7e+308 -1.7e+308 -1.7e+308 -1.7e+308 -1.7e+308 -1.7e+308 -1.7e+308 -1.7e+308 -1.7e+308 -1.7e+308 -1.7e+308 -1.7e+308 -1.7e+308 -1.7e+308 -1.7e+308 -1.7e+308 6408 6404 6408 6410 6384 6389
-1.7e+308 -1.7e+308 -1.7e+308 -1.7e+308 -1.7e+308 -1.7e+308 -1.7e+308 -1.7e+308 -1.7e+308 -1.7e+308 -1.7e+308 -1.7e+308 -1.7e+308 -1.7e+308 -1.7e+308 -1.7e+308 -1.7e+308 -1.7e+308 -1.7e+308 -1.7e+308 -1.7e+308 -1.7e+308 -1.7e+308 -1.7e+308 -1.7e+308 -1.7e+308 -1.7e+308 -1.7e+308 -1.7e+308 -1.7e+308 -1.7e+308 -1.7e+308 -1.7e+308 -1.7e+308 -1.7e+308 -1.7e+308 -1.7e+308 -1.7e+308 -1.7e+308 -1.7e+308 -1.7e+308 -1.7e+308 -1.7e+308 -1.7e+308 -1.7e+308 -1.7e+308 -1.7e+308 -1.7e+308 -1.7e+308 -1.7e+308 -1.7e+308 -1.7e+308 -1.7e+308 -1.7e+308 -1.7e+308 -1.7e+308 -1.7e+308 -1.7e+308 -1.7e+308 -1.7e+308 -1.7e+308 -1.7e+308 6394 6385 6389 6378 6383 6379
-1.7e+308 -1.7e+308 -1.7e+308 -1.7e+308 -1.7e+308 -1.7e+308 -1.7e+308 -1.7e+308 -1.7e+308 -1.7e+308 -1.7e+308 -1.7e+308 -1.7e+308 -1.7e+308 -1.7e+308 -1.7e+308 -1.7e+308 -1.7e+308 -1.7e+308 -1.7e+308 -1.7e+308 -1.7e+308 -1.7e+308 -1.7e+308 -1.7e+308 -1.7e+308 -1.7e+308 -1.7e+308 -1.7e+308 -1.7e+308 -1.7e+308 -1.7e+308 -1.7e+308 -1.7e+308 -1.7e+308 -1.7e+308 -1.7e+308 -1.7e+308 -1.7e+308 -1.7e+308 -1.7e+308 -1.7e+308 -1.7e+308 -1.7e+308 -1.7e+308 -1.7e+308 -1.7e+308 -1.7e+308 -1.7e+308 -1.7e+308 -1.7e+308 -1.7e+308 -1.7e+308 -1.7e+308 -1.7e+308 -1.7e+308 -1.7e+308 -1.7e+308 -1.7e+308 -1.7e+308 -1.7e+308 6405 6388 6376 6373 6352 6369 6352
-1.7e+308 -1.7e+308 -1.7e+308 -1.7e+308 -1.7e+308 -1.7e+308 -1.7e+308 -1.7e+308 -1.7e+308 -1.7e+308 -1.7e+308 -1.7e+308 -1.7e+308 -1.7e+308 -1.7e+308 -1.7e+308 -1.7e+308 -1.7e+308 -1.7e+308 -1.7e+308 -1.7e+308 -1.7e+308 -1.7e+308 -1.7e+308 -1.7e+308 -1.7e+308 -1.7e+308 -1.7e+308 -1.7e+308 -1.7e+308 -1.7e+308 -1.7e+308 -1.7e+308 -1.7e+308 -1.7e+308 -1.7e+308 -1.7e+308 -1.7e+308 -1.7e+308 -1.7e+308 -1.7e+308 -1.7e+308 -1.7e+308 -1.7e+308 -1.7e+308 -1.7e+308 -1.7e+308 -1.7e+308 -1.7e+308 -1.7e+308 -1.7e+308 -1.7e+308 -1.7e+308 -1.7e+308 -1.7e+308 -1.7e+308 -1.7e+308 -1.7e+308 -1.7e+308 -1.7e+308 -1.7e+308 6381 6381 6382 6367 6338 6349 6329
-1.7e+308 -1.7e+308 -1.7e+308 -1.7e+308 -1.7e+308 -1.7e+308 -1.7e+308 -1.7e+308 -1.7e+308 -1.7e+308 -1.7e+308 -1.7e+308 -1.7e+308 -1.7e+308 -1.7e+308 -1.7e+308 -1.7e+308 -1.7e+308 -1.7e+308 -1.7e+308 -1.7e+308 -1.7e+308 -1.7e+308 -1.7e+308 -1.7e+308 -1.7e+308 -1.7e+308 -1.7e+308 -1.7e+308 -1.7e+308 -1.7e+308 -1.7e+308 -1.7e+308 -1.7e+308 -1.7e+308 -1.7e+308 -1.7e+308 -1.7e+308 -1.7e+308 -1.7e+308 -1.7e+308 -1.7e+308 -1.7e+308 -1.7e+308 -1.7e+308 -1.7e+308 -1.7e+308 -1.7e+308 -1.7e+308 -1.7e+308 -1.7e+308 -1.7e+308 -1.7e+308 -1.7e+308 -1.7e+308 -1.7e+308 -1.7e+308 -1.7e+308 -1.7e+308 -1.7e+308 -1.7e+308 6377 6360 6387 6357 6338 6351 6325
-1.7e+308 -1.7e+308 -1.7e+308 -1.7e+308 -1.7e+308 -1.7e+308 -1.7e+308 -1.7e+308 -1.7e+308 -1.7e+308 -1.7e+308 -1.7e+308 -1.7e+308 -1.7e+308 -1.7e+308 -1.7e+308 -1.7e+308 -1.7e+308 -1.7e+308 -1.7e+308 -1.7e+308 -1.7e+308 -1.7e+308 -1.7e+308 -1.7e+308 -1.7e+308 -1.7e+308 -1.7e+308 -1.7e+308 -1.7e+308 -1.7e+308 -1.7e+308 -1.7e+308 -1.7e+308 -1.7e+308 -1.7e+308 -1.7e+308 -1.7e+308 -1.7e+308 -1.7e+308 -1.7e+308 -1.7e+308 -1.7e+308 -1.7e+308 -1.7e+308 -1.7e+308 -1.7e+308 -1.7e+308 -1.7e+308 -1.7e+308 -1.7e+308 -1.7e+308 -1.7e+308 -1.7e+308 -1.7e+308 -1.7e+308 -1.7e+308 -1.7e+308 -1.7e+308 -1.7e+308 -1.7e+308 6382 6372 6349 6326 6343 6321 6326
-1.7e+308 -1.7e+308 -1.7e+308 -1.7e+308 -1.7e+308 -1.7e+308 -1.7e+308 -1.7e+308 -1.7e+308 -1.7e+308 -1.7e+308 -1.7e+308 -1.7e+308 -1.7e+308 -1.7e+308 -1.7e+308 -1.7e+308 -1.7e+308 -1.7e+308 -1.7e+308 -1.7e+308 -1.7e+308 -1.7e+308 -1.7e+308 -1.7e+308 -1.7e+308 -1.7e+308 -1.7e+308 -1.7e+308 -1.7e+308 -1.7e+308 -1.7e+308 -1.7e+308 -1.7e+308 -1.7e+308 -1.7e+308 -1.7e+308 -1.7e+308 -1.7e+308 -1.7e+308 -1.7e+308 -1.7e+308 -1.7e+308 -1.7e+308 -1.7e+308 -1.7e+308 -1.7e+308 -1.7e+308 -1.7e+308 -1.7e+308 -1.7e+308 -1.7e+308 -1.7e+308 -1.7e+308 -1.7e+308 -1.7e+308 -1.7e+308 -1.7e+308 -1.7e+308 -1.7e+308 -1.7e+308 6387 6345 6329 6333 6325 6304 6296
-1.7e+308 -1.7e+308 -1.7e+308 -1.7e+308 -1.7e+308 -1.7e+308 -1.7e+308 -1.7e+308 -1.7e+308 -1.7e+308 -1.7e+308 -1.7e+308 -1.7e+308 -1.7e+308 -1.7e+308 -1.7e+308 -1.7e+308 -1.7e+308 -1.7e+308 -1.7e+308 -1.7e+308 -1.7e+308 -1.7e+308 -1.7e+308 -1.7e+308 -1.7e+308 -1.7e+308 -1.7e+308 -1.7e+308 -1.7e+308 -1.7e+308 -1.7e+308 -1.7e+308 -1.7e+308 -1.7e+308 -1.7e+308 -1.7e+308 -1.7e+308 -1.7e+308 -1.7e+308 -1.7e+308 -1.7e+308 -1.7e+308 -1.7e+308 -1.7e+308 -1.7e+308 -1.7e+308 -1.7e+308 -1.7e+308 -1.7e+308 -1.7e+308 -1.7e+308 -1.7e+308 -1.7e+308 -1.7e+308 -1.7e+308 -1.7e+308 -1.7e+308 -1.7e+308 -1.7e+308 -1.7e+308 6351 6346 6315 6309 6305 6305 6281
-1.7e+308 -1.7e+308 -1.7e+308 -1.7e+308 -1.7e+308 -1.7e+308 -1.7e+308 -1.7e+308 -1.7e+308 -1.7e+308 -1.7e+308 -1.7e+308 -1.7e+308 -1.7e+308 -1.7e+308 -1.7e+308 -1.7e+308 -1.7e+308 -1.7e+308 -1.7e+308 -1.7e+308 -1.7e+308 -1.7e+308 -1.7e+308 -1.7e+308 -1.7e+308 -1.7e+308 -1.7e+308 -1.7e+308 -1.7e+308 -1.7e+308 -1.7e+308 -1.7e+308 -1.7e+308 -1.7e+308 -1.7e+308 -1.7e+308 -1.7e+308 -1.7e+308 -1.7e+308 -1.7e+308 -1.7e+308 -1.7e+308 -1.7e+308 -1.7e+308 -1.7e+308 -1.7e+308 -1.7e+308 -1.7e+308 -1.7e+308 -1.7e+308 -1.7e+308 -1.7e+308 -1.7e+308 -1.7e+308 -1.7e+308 -1.7e+308 -1.7e+308 -1.7e+308 -1.7e+308 6344 6343 6322 6315 6305 6303 6289 6300
-1.7e+308 -1.7e+308 -1.7e+308 -1.7e+308 -1.7e+308 -1.7e+308 -1.7e+308 -1.7e+308 -1.7e+308 -1.7e+308 -1.7e+308 -1.7e+308 -1.7e+308 -1.7e+308 -1.7e+308 -1.7e+308 -1.7e+308 -1.7e+308 -1.7e+308 -1.7e+308 -1.7e+308 -1.7e+308 -1.7e+308 -1.7e+308 -1.7e+308 -1.7e+308 -1.7e+308 -1.7e+308 -1.7e+308 -1.7e+308 -1.7e+308 -1.7e+308 -1.7e+308 -1.7e+308 -1.7e+308 -1.7e+308 -1.7e+308 -1.7e+308 -1.7e+308 -1.7e+308 -1.7e+308 -1.7e+308 -1.7e+308 -1.7e+308 -1.7e+308 -1.7e+308 -1.7e+308 -1.7e+308 -1.7e+308 -1.7e+308 -1.7e+308 -1.7e+308 -1.7e+308 -1.7e+308 -1.7e+308 -1.7e+308 -1.7e+308 -1.7e+308 -1.7e+308 -1.7e+308 6336 6330 6316 6320 6319 6291 6293 6282
-1.7e+308 -1.7e+308 -1.7e+308 -1.7e+308 -1.7e+308 -1.7e+308 -1.7e+308 -1.7e+308 -1.7e+308 -1.7e+308 -1.7e+308 -1.7e+308 -1.7e+308 -1.7e+308 -1.7e+308 -1.7e+308 -1.7e+308 -1.7e+308 -1.7e+308 -1.7e+308 -1.7e+308 -1.7e+308 -1.7e+308 -1.7e+308 -1.7e+308 -1.7e+308 -1.7e+308 -1.7e+308 -1.7e+308 -1.7e+308 -1.7e+308 -1.7e+308 -1.7e+308 -1.7e+308 -1.7e+308 -1.7e+308 -1.7e+308 -1.7e+308 -1.7e+308 -1.7e+308 -1.7e+308 -1.7e+308 -1.7e+308 -1.7e+308 -1.7e+308 -1.7e+308 -1.7e+308 -1.7e+308 -1.7e+308 -1.7e+308 -1.7e+308 -1.7e+308 -1.7e+308 -1.7e+308 -1.7e+308 -1.7e+308 -1.7e+308 -1.7e+308 -1.7e+308 -1.7e+308 -1.7e+308 6311 6280 6269 6284 6310 6271 6280
-1.7e+308 -1.7e+308 -1.7e+308 -1.7e+308 -1.7e+308 -1.7e+308 -1.7e+308 -1.7e+308 -1.7e+308 -1.7e+308 -1.7e+308 -1.7e+308 -1.7e+308 -1.7e+308 -1.7e+308 -1.7e+308 -1.7e+308 -1.7e+308 -1.7e+308 -1.7e+308 -1.7e+308 -1.7e+308 -1.7e+308 -1.7e+308 -1.7e+308 -1.7e+308 -1.7e+308 -1.7e+308 -1.7e+308 -1.7e+308 -1.7e+308 -1.7e+308 -1.7e+308 -1.7e+308 -1.7e+308 -1.7e+308 -1.7e+308 -1.7e+308 -1.7e+308 -1.7e+308 -1.7e+308 -1.7e+308 -1.7e+308 -1.7e+308 -1.7e+308 -1.7e+308 -1.7e+308 -1.7e+308 -1.7e+308 -1.7e+308 -1.7e+308 -1.7e+308 -1.7e+308 -1.7e+308 -1.7e+308 -1.7e+308 -1.7e+308 -1.7e+308 -1.7e+308 -1.7e+308 -1.7e+308 -1.7e+308 6273 6266 6263 6270 6258 6252
-1.7e+308 -1.7e+308 -1.7e+308 -1.7e+308 -1.7e+308 -1.7e+308 -1.7e+308 -1.7e+308 -1.7e+308 -1.7e+308 -1.7e+308 -1.7e+308 -1.7e+308 -1.7e+308 -1.7e+308 -1.7e+308 -1.7e+308 -1.7e+308 -1.7e+308 -1.7e+308 -1.7e+308 -1.7e+308 -1.7e+308 -1.7e+308 -1.7e+308 -1.7e+308 -1.7e+308 -1.7e+308 -1.7e+308 -1.7e+308 -1.7e+308 -1.7e+308 -1.7e+308 -1.7e+308 -1.7e+308 -1.7e+308 -1.7e+308 -1.7e+308 -1.7e+308 -1.7e+308 -1.7e+308 -1.7e+308 -1.7e+308 -1.7e+308 -1.7e+308 -1.7e+308 -1.7e+308 -1.7e+308 -1.7e+308 -1.7e+308 -1.7e+308 -1.7e+308 -1.7e+308 -1.7e+308 -1.7e+308 -1.7e+308 -1.7e+308 -1.7e+308 -1.7e+308 -1.7e+308 -1.7e+308 -1.7e+308 -1.7e+308 6275 6235 6269 6252 6241
-1.7e+308 -1.7e+308 -1.7e+308 -1.7e+308 -1.7e+308 -1.7e+308 -1.7e+308 -1.7e+308 -1.7e+308 -1.7e+308 -1.7e+308 -1.7e+308 -1.7e+308 -1.7e+308 -1.7e+308 -1.7e+308 -1.7e+308 -1.7e+308 -1.7e+308 -1.7e+308 -1.7e+308 -1.7e+308 -1.7e+308 -1.7e+308 -1.7e+308 -1.7e+308 -1.7e+308 -1.7e+308 -1.7e+308 -1.7e+308 -1.7e+308 -1.7e+308 -1.7e+308 -1.7e+308 -1.7e+308 -1.7e+308 -1.7e+308 -1.7e+308 -1.7e+308 -1.7e+308 -1.7e+308 -1.7e+308 -1.7e+308 -1.7e+308 -1.7e+308 -1.7e+308 -1.7e+308 -1.7e+308 -1.7e+308 -1.7e+308 -1.7e+308 -1.7e+308 -1.7e+308 -1.7e+308 -1.7e+308 -1.7e+308 -1.7e+308 -1.7e+308 -1.7e+308 -1.7e+308 -1.7e+308 -1.7e+308 -1.7e+308 6253 6253 6240 6230 6229
-1.7e+308 6294 6304 6287 6291 6282 6281 6271 6252 6229 6237 6235 6224 6237 6245 6236 6249 6287 6287 6294 6324 6318 6340 6357 6352 6363 6350 6373 6362 6373 6368 6367 6362 6373 6360 6369 6361 6353 6378 6370 6343 6358 6315 6335 6353 6353 6341 6344 6331 6297 6329 6322 6295 6339 6304 6286 6323 6282 6270 6273 6297 6233 6245 6240 6227 6223 6227 6223
-1.7e+308 6275 6267 6268 6268 6270 6260 6248 6238 6240 6229 6238 6226 6235 6246 6230 6251 6285 6285 6303 6302 6313 6319 6330 6323 6363 6335 6351 6355 6354 6354 6354 6354 6360 6355 6349 6349 6334 6348 6336 6335 6330 6309 6302 6317 6306 6297 6320 6284 6303 6317 6303 6275 6304 6296 6275 6265 6245 6230 6231 6256 6221 6211 6221 6213 6197 6207 6201
6248 6257 6269 6255 6266 6250 6243 6248 6233 6234 6254 6248 6234 6255 6246 6256 6261 6261 6285 6300 6300 6313 6309 6330 6329 6342 6341 6351 6346 6355 6344 6345 6355 6328 6339 6327 6344 6321 6304 6291 6290 6282 6289 6288 6286 6289 6270 6287 6275 6289 6294 6281 6264 6270 6265 6264 6215 6228 6219 6220 6203 6234 6201 6195 6195 6195 6183 6166
6224 6229 6229 6238 6242 6227 6240 6222 6234 6227 6244 6244 6244 6234 6246 6261 6261 6261 6295 6269 6285 6309 6338 6329 6307 6319 6335 6330 6330 6317 6319 6327 6333 6301 6321 6320 6320 6314 6300 6296 6301 6282 6256 6277 6288 6300 6252 6260 6279 6261 6266 6276 6254 6262 6218 6230 6215 6201 6199 6181 6197 6218 6182 6167 6185 6198 6172 6177
-1.7e+308 6222 6209 6199 6239 6228 6233 6228 6234 6228 6259 6254 6249 6259 6276 6276 6261 6295 6295 6306 6308 6295 6306 6297 6314 6319 6325 6325 6325 6319 6330 6308 6307 6297 6305 6305 6282 6291 6291 6252 6268 6268 6297 6277 6266 6252 6239 6244 6250 6225 6234 6253 6250 6214 6191 6194 6200 6190 6185 6155 6161 6177 6157 6151 6167 6148 6172 6156
-1.7e+308 -1.7e+308 6221 6216 6211 6231 6220 6224 6241 6233 6251 6254 6251 6259 6281 6267 6289 6272 6301 6301 6297 6311 6302 6286 6297 6307 6305 6317 6302 6308 6308 6297 6297 6296 6297 6259 6263 6250 6273 6262 6270 6249 6278 6264 6251 6254 6229 6213 6217 6217 6210 6211 6205 6203 6182 6183 6161 6177 6169 6178 6151 6153 6154 6134 6141 6145 6133 6126
-1.7e+308 -1.7e+308 -1.7e+308 6216 6216 6211 6213 6211 6230 6231 6251 6245 6264 6296 6296 6271 6271 6295 6283 6283 6281 6297 6293 6293 6303 6299 6292 6303 6293 6290 6280 6280 6281 6274 6257 6258 6261 6258 6231 6240 6198 6192 6204 6231 6213 6229 6215 6198 6194 6193 6185 6185 6156 6150 6165 6164 6152 6154 6163 6142 6142 6134 6142 6134 6113 6126 6131 6128
-1.7e+308 -1.7e+308 -1.7e+308 -1.7e+308 -1.7e+308 6193 6216 6219 6216 6227 6232 6237 6286 6290 6291 6272 6262 6263 6263 6283 6284 6282 6282 6282 6290 6300 6289 6308 6299 6289 6269 6264 6269 6258 6238 6230 6235 6214 6205 6214 6220 6204 6204 6209 6199 6186 6177 6176 6182 6178 6167 6164 6152 6159 6138 6131 6127 6132 6134 6132 6132 6134 6118 6107 6100 6114 6109 6112
-1.7e+308 -1.7e+308 -1.7e+308 -1.7e+308 -1.7e+308 6183 6205 6211 6225 6215 6226 6238 6238 6260 6253 6243 6266 6268 6263 6253 6265 6259 6259 6265 6273 6276 6288 6288 6287 6267 6271 6254 6264 6231 6253 6220 6206 6206 6221 6205 6197 6213 6182 6181 6182 6169 6150 6153 6155 6135 6134 6123 6116 6113 6104 6105 6115 6104 6090 6099 6113 6092 6086 6092 6088 6082 6081 6080
-1.7e+308 -1.7e+308 -1.7e+308 -1.7e+308 -1.7e+308 6165 6167 6218 6205 6195 6233 6238 6233 6257 6249 6271 6249 6258 6244 6243 6256 6250 6266 6255 6290 6266 6276 6285 6265 6276 6261 6250 6233 6228 6228 6208 6200 6198 6205 6205 6183 6186 6163 6152 6143 6156 6161 6146 6111 6122 6100 6100 6095 6093 6095 6088 6079 6061 6066 6071 6079 6087 6068 6062 6067 6053 6059 6076
-1.7e+308 -1.7e+308 -1.7e+308 -1.7e+308 -1.7e+308 6167 6177 6184 6195 6214 6216 6229 6221 6234 6226 6238 6237 6241 6249 6230 6245 6268 6259 6249 6262 6272 6283 6262 6253 6263 6240 6250 6223 6222 6225 6190 6191 6184 6194 6173 6194 6134 6155 6157 6133 6142 6118 6102 6086 6101 6081 6073 6076 6085 6069 6067 6033 6052 6061 6056 6040 6051 6070 6051 6048 6048 6051 6038
-1.7e+308 -1.7e+308 -1.7e+308 -1.7e+308 6153 6158 6173 6179 6199 6190 6202 6211 6217 6226 6221 6221 6223 6211 6230 6220 6227 6248 6244 6244 6252 6257 6279 6240 6273 6234 6253 6228 6217 6207 6196 6188 6191 6201 6169 6156 6155 6169 6128 6135 6113 6133 6103 6086 6076 6076 6060 6057 6064 6036 6032 6020 6043 6023 6042 6046 6024 6036 6040 6018 6038 6024 6027 6027
-1.7e+308 -1.7e+308 -1.7e+308 -1.7e+308 -1.7e+308 6140 6146 6151 6170 6189 6195 6208 6211 6202 -1.7e+308 6210 6213 6200 6220 6192 6224 6230 6218 6239 6244 6235 6269 6257 6235 6237 6240 6213 6208 6178 6185 6171 6145 6170 6145 6155 6145 6159 6137 6091 6104 6085 6086 6067 6049 6076 6039 6037 6008 6008 5998 6021 6040 6046 6008 6021 6028 6012 6023 6023 6020 6017 6018 6015
-1.7e+308 -1.7e+308 -1.7e+308 -1.7e+308 -1.7e+308 -1.7e+308 6126 6149 6160 6170 6179 -1.7e+308 6189 6185 -1.7e+308 6178 6190 6214 6198 6178 6213 6179 6224 6212 6207 6253 6261 -1.7e+308 -1.7e+308 6189 -1.7e+308 6200 6171 6166 -1.7e+308 6182 6176 6153 6109 6132 6103 6098 6097 6109 6088 6064 6070 6083 6062 6032 6017 6007 5988 5984 5988 6026 6021 5999 5995 5985 5985 5997 6003 5998 5997 5996 6006 6005
-1.7e+308 -1.7e+308 -1.7e+308 -1.7e+308 -1.7e+308 6112 6108 6135 6144 6140 6163 6148 6156 6168 6186 6173 6188 6193 6173 6175 6192 6192 6182 6199 6227 6180 6226 6229 6201 6191 6207 6200 6166 6167 6149 6155 6136 6137 6118 6107 6090 6100 6101 6072 6068 6047 6054 6060 6044 6017 6008 5993 5988 5978 5988 5972 5962 5955 5977 5984 5969 5976 5969 5967 5989 5967 5977 5984
-1.7e+308 -1.7e+308 -1.7e+308 -1.7e+308 6111 6114 6121 6101 6125 -1.7e+308 6139 6155 6168 6165 6157 -1.7e+308 -1.7e+308 -1.7e+308 -1.7e+308 -1.7e+308 -1.7e+308 -1.7e+308 -1.7e+308 -1.7e+308 -1.7e+308 -1.7e+308 -1.7e+308 -1.7e+308 -1.7e+308 -1.7e+308 -1.7e+308 -1.7e+308 6157 6140 6135 6135 6137 6125 6119 6094 6083 6088 6078 6075 6052 6036 6043 6030 6024 6011 6003 5988 5980 5963 5956 5960 5981 5963 5971 5972 5943 5959 5989 5974 5968 5972 5952 5956
