layers/bio5.asc
NCOLS 292 
NROWS 290 
XLLCORNER -87.625 
YLLCORNER 24.5 
CELLSIZE 0.0416666666666667 
NODATA_value -1.7e+308 
[rows 0 to 30 of 290, columns 140 to 209 of 292]
-1.7e+308 -1.7e+308 242 241 250 256 260 263 265 267 270 270 270 271 273 275 273 272 275 273 272 -1.7e+308 -1.7e+308 -1.7e+308 -1.7e+308 -1.7e+308 -1.7e+308 -1.7e+308 -1.7e+308 -1.7e+308 -1.7e+308 -1.7e+308 -1.7e+308 -1.7e+308 -1.7e+308 -1.7e+308 -1.7e+308 -1.7e+308 -1.7e+308 -1.7e+308 -1.7e+308 -1.7e+308 -1.7e+308 -1.7e+308 -1.7e+308 -1.7e+308 -1.7e+308 -1.7e+308 -1.7e+308 -1.7e+308 -1.7e+308 -1.7e+308 -1.7e+308 -1.7e+308 -1.7e+308 -1.7e+308 -1.7e+308 -1.7e+308 -1.7e+308 -1.7e+308 -1.7e+308 -1.7e+308 -1.7e+308 -1.7e+308 -1.7e+308 -1.7e+308 -1.7e+308 -1.7e+308 -1.7e+308 -1.7e+308
-1.7e+308 -1.7e+308 255 249 253 258 264 261 265 268 269 268 264 268 267 263 266 270 274 271 270 294 298 297 300 301 303 303 304 302 295 296 300 301 301 303 303 301 301 301 302 303 304 306 305 305 307 309 310 311 313 314 314 314 316 315 316 319 320 320 320 319 318 316 316 316 316 317 316 315
-1.7e+308 -1.7e+308 255 256 255 260 265 260 265 263 266 267 263 258 256 263 267 270 272 271 280 293 297 299 302 302 302 305 305 302 298 301 301 303 303 303 304 301 302 303 302 302 304 306 306 307 309 312 312 312 313 312 313 315 315 316 318 319 319 319 318 319 318 317 317 316 315 316 315 315
-1.7e+308 -1.7e+308 255 261 257 253 259 255 261 264 267 265 262 259 255 257 262 266 269 274 292 297 300 301 303 304 304 303 305 304 302 303 302 302 303 305 305 305 303 305 304 305 307 308 309 309 310 312 311 310 310 310 313 314 316 317 317 318 317 318 319 318 318 317 316 315 314 314 313 314
-1.7e+308 -1.7e+308 259 245 249 244 255 257 260 265 260 261 262 260 272 283 286 291 277 273 294 299 302 301 302 304 305 302 304 306 306 305 303 302 301 299 295 301 306 307 307 308 310 311 311 312 312 311 310 309 310 312 313 315 315 315 316 317 317 318 317 317 317 315 316 314 312 311 312 313
-1.7e+308 -1.7e+308 244 236 249 247 255 257 262 264 266 269 273 279 287 292 297 298 297 297 300 301 303 303 303 305 306 305 305 307 307 303 305 304 303 304 304 303 305 308 310 310 311 310 309 310 310 310 309 309 310 311 313 315 314 315 316 316 316 317 317 316 316 316 316 313 312 312 312 313
259 243 239 245 257 256 261 262 262 262 271 286 290 292 291 295 300 301 302 299 301 303 303 306 306 306 307 307 307 308 308 307 307 308 306 306 307 307 309 311 312 311 310 309 309 309 308 309 309 310 311 311 313 314 314 314 314 314 315 317 316 316 315 315 314 313 313 313 313 314
267 247 246 256 259 261 261 258 260 269 280 296 296 290 299 300 302 303 302 302 303 305 306 307 308 309 309 310 309 310 310 310 310 308 306 307 310 311 312 312 311 310 309 308 308 308 309 310 310 311 312 313 313 313 313 314 315 314 315 314 315 315 314 314 313 313 314 313 314 314
268 255 251 260 257 265 261 264 280 282 292 291 299 302 302 303 302 303 305 305 306 308 308 308 307 308 308 308 308 308 309 310 312 309 309 309 310 311 311 311 310 310 309 308 309 309 310 310 310 310 311 311 312 314 314 315 315 315 315 314 314 314 313 313 313 313 313 313 314 314
264 257 252 257 257 278 285 282 284 295 295 302 301 301 304 304 306 307 307 307 307 305 303 305 305 307 310 309 309 311 310 311 313 311 312 311 311 311 310 310 310 311 309 309 310 310 310 311 311 312 312 312 313 314 315 315 315 316 315 315 315 314 313 313 313 313 313 313 314 314
257 255 249 253 258 272 288 295 294 296 303 305 304 305 307 307 305 303 301 300 303 304 306 306 308 309 310 311 311 312 314 313 314 312 313 313 312 311 311 311 311 309 310 310 310 310 311 311 311 311 312 313 314 314 315 316 316 316 315 316 315 314 313 313 313 314 314 314 314 316
252 271 280 269 282 287 296 293 298 301 307 306 307 304 305 300 297 299 300 301 303 305 307 308 308 310 312 312 313 314 315 314 314 313 314 313 313 313 313 312 311 310 310 310 310 311 310 311 312 312 313 313 314 314 315 315 316 317 316 316 315 313 313 314 313 314 314 313 314 316
277 291 296 293 290 288 294 298 307 305 305 301 306 302 299 291 289 293 298 305 307 308 308 308 310 310 311 312 313 314 316 316 315 315 316 315 315 314 314 313 312 311 312 311 311 310 311 312 312 313 313 314 315 315 315 316 316 316 317 315 314 313 314 314 314 313 314 315 316 317
288 288 299 303 296 297 307 305 304 306 304 298 296 298 296 298 301 302 302 306 307 308 308 310 312 311 312 314 314 315 316 315 317 316 317 317 316 316 315 314 314 313 313 313 312 312 312 312 312 313 314 314 315 315 315 316 317 316 316 315 314 313 313 312 313 314 315 315 316 316
294 289 304 305 304 306 305 302 307 302 297 297 304 305 305 303 305 306 304 304 306 309 310 310 311 313 312 313 314 316 316 316 317 318 318 318 317 316 316 315 315 315 313 313 314 314 313 312 312 312 313 314 313 314 315 315 315 315 316 315 314 314 314 313 314 315 316 318 316 317
290 299 309 309 308 310 312 310 301 301 302 305 306 308 307 306 307 308 307 309 310 311 312 312 312 313 314 314 314 315 317 317 317 318 319 318 317 317 317 317 317 315 314 314 314 314 314 313 312 313 313 313 313 314 314 313 312 314 315 316 315 315 314 314 315 315 318 318 317 317
299 310 310 310 311 314 311 305 307 308 306 308 303 308 308 307 307 309 310 311 312 312 312 313 314 314 313 315 315 315 317 317 318 319 319 319 318 318 319 318 317 315 315 315 315 314 314 314 313 313 312 313 313 313 312 313 314 314 315 315 316 315 314 315 316 316 318 318 317 318
311 312 311 312 314 311 310 310 309 309 310 310 309 308 310 309 309 309 310 310 311 311 312 312 313 314 315 315 316 316 317 319 318 319 319 319 320 320 320 318 317 315 316 317 316 314 315 315 313 312 312 314 313 311 312 312 313 313 314 314 315 315 315 313 314 315 318 319 318 317
311 313 313 314 312 312 311 311 311 311 312 312 311 311 311 312 311 310 310 311 311 312 312 313 312 313 314 315 316 317 317 318 318 318 319 320 320 320 319 317 317 317 318 319 317 316 315 314 314 313 314 314 312 312 312 312 312 312 313 314 314 315 315 314 315 316 318 318 317 316
311 313 314 313 313 313 312 312 313 312 312 310 310 310 311 311 312 312 311 311 312 312 312 313 313 314 314 315 315 317 318 318 318 318 319 320 320 320 318 317 318 319 319 319 318 316 317 315 314 315 314 315 313 313 312 312 312 312 312 313 313 314 314 316 315 316 318 317 317 316
312 314 313 312 306 308 306 310 311 310 311 310 311 312 312 313 313 313 313 312 312 312 313 314 314 314 315 315 316 317 317 318 319 319 320 321 320 319 318 317 318 317 318 320 319 318 317 314 314 315 316 316 314 313 312 311 312 312 311 313 314 314 315 315 316 317 318 317 317 316
312 312 310 307 306 308 309 310 310 312 312 313 312 311 311 313 312 313 313 313 313 313 312 313 314 315 316 316 316 316 318 319 319 320 320 321 320 320 319 319 318 318 319 321 320 319 314 313 314 315 315 316 314 313 313 311 311 312 313 314 315 315 314 315 316 318 317 317 316 316
308 298 298 304 306 308 309 310 310 311 312 314 313 313 312 311 311 312 312 314 315 314 313 313 314 315 316 316 315 316 317 318 318 319 320 321 321 320 319 319 318 318 320 321 320 316 314 313 315 316 315 316 315 315 313 312 313 314 314 314 316 316 315 316 317 318 317 316 317 316
289 284 285 291 304 308 310 311 310 311 312 314 314 314 313 311 311 312 314 314 315 315 314 313 314 315 315 315 316 317 316 317 317 319 319 320 320 320 320 319 318 319 320 321 319 314 315 314 315 316 316 317 317 315 314 314 314 315 315 315 316 316 316 316 318 319 318 317 317 315
301 299 294 293 306 308 309 309 311 311 312 314 314 314 312 311 310 313 315 316 315 315 315 314 315 316 314 315 316 317 316 316 317 318 319 319 320 321 319 319 317 317 319 321 317 315 315 315 315 316 317 316 317 316 315 315 315 316 317 318 318 318 317 317 318 318 318 317 315 314
310 311 311 312 312 311 312 311 312 312 313 314 315 313 312 313 313 314 314 316 316 316 316 316 316 317 316 317 317 318 318 317 318 318 318 318 319 320 319 319 319 317 319 320 315 315 316 316 315 317 318 318 318 317 317 316 316 316 318 318 317 317 316 316 317 316 316 316 315 315
309 311 314 314 313 314 313 313 312 313 313 314 315 313 313 314 314 315 316 316 317 316 316 317 317 318 318 319 319 319 319 318 318 319 319 319 320 320 319 320 320 319 321 320 317 316 317 316 316 317 317 318 317 318 318 318 318 318 318 317 317 316 316 315 315 314 314 316 317 316
303 310 313 314 314 315 313 313 312 313 314 314 315 314 314 314 315 316 317 316 317 317 317 318 319 319 320 320 320 320 320 319 319 320 319 320 320 319 318 319 321 319 322 319 315 317 318 317 316 317 318 318 318 317 317 317 319 318 318 316 316 315 314 315 315 314 314 314 315 315
310 312 313 313 313 315 314 314 312 313 314 314 314 315 316 315 315 317 317 318 318 318 317 318 318 320 320 320 320 321 320 320 320 320 320 319 320 321 320 320 321 321 321 317 317 319 319 318 317 317 317 318 317 316 317 319 318 318 317 316 315 315 315 316 316 316 316 315 315 315
313 315 314 314 315 315 314 314 314 314 313 313 313 314 316 317 316 317 318 318 319 318 317 317 318 319 321 321 321 321 321 320 321 319 321 319 319 321 321 320 321 323 319 317 318 318 320 319 317 317 317 317 316 317 318 318 317 316 316 316 315 316 316 316 315 316 316 316 316 316
314 314 316 315 315 316 314 314 315 314 312 314 315 316 316 317 316 317 319 319 318 317 317 317 318 319 319 321 321 321 320 321 320 319 319 321 321 322 320 321 322 322 319 319 320 320 320 319 316 316 316 316 317 318 318 317 316 316 317 317 317 316 316 315 316 316 314 314 316 316
