layers/bio5.asc
NCOLS 292 
NROWS 290 
XLLCORNER -87.625 
YLLCORNER 24.5 
CELLSIZE 0.0416666666666667 
NODATA_value -1.7e+308 
[rows 31 to 61 of 290, columns 70 to 139 of 292]
-1.7e+308 -1.7e+308 -1.7e+308 -1.7e+308 -1.7e+308 -1.7e+308 -1.7e+308 -1.7e+308 -1.7e+308 -1.7e+308 -1.7e+308 -1.7e+308 -1.7e+308 -1.7e+308 -1.7e+308 -1.7e+308 251 253 265 274 271 265 272 270 273 270 261 258 277 287 289 289 281 267 271 265 282 278 278 265 254 255 248 256 260 273 275 284 287 287 280 282 285 288 288 292 295 300 298 296 311 315 315 316 318 317 315 316 316 316
-1.7e+308 -1.7e+308 -1.7e+308 -1.7e+308 -1.7e+308 -1.7e+308 -1.7e+308 -1.7e+308 -1.7e+308 -1.7e+308 291 294 275 276 279 268 265 262 266 270 276 278 271 269 261 269 259 248 272 286 288 292 288 280 263 258 264 272 269 271 269 263 258 269 272 271 281 289 284 284 284 276 278 278 287 289 292 295 304 313 314 313 315 315 316 316 317 318 317 317
-1.7e+308 -1.7e+308 -1.7e+308 -1.7e+308 -1.7e+308 -1.7e+308 -1.7e+308 -1.7e+308 -1.7e+308 -1.7e+308 301 296 291 294 288 285 284 272 286 291 290 288 278 260 264 264 244 248 267 274 281 290 291 286 274 255 256 260 252 255 257 260 272 276 277 282 289 285 272 278 280 274 282 286 288 289 293 286 301 312 315 317 317 317 316 315 316 318 317 317
-1.7e+308 -1.7e+308 -1.7e+308 -1.7e+308 -1.7e+308 -1.7e+308 -1.7e+308 -1.7e+308 -1.7e+308 -1.7e+308 300 300 300 298 293 293 287 291 292 283 272 265 258 245 260 263 252 252 272 284 285 290 286 284 275 257 249 258 255 257 256 255 270 276 282 288 283 275 274 276 276 283 293 300 303 305 291 296 309 315 316 316 316 316 318 316 317 317 316 315
-1.7e+308 -1.7e+308 -1.7e+308 -1.7e+308 -1.7e+308 -1.7e+308 -1.7e+308 -1.7e+308 -1.7e+308 -1.7e+308 296 295 297 299 298 297 295 294 292 281 277 274 271 271 273 259 259 258 263 277 278 288 280 262 269 255 250 255 263 261 266 271 278 286 286 278 279 278 274 285 288 306 309 309 311 310 312 313 315 315 316 317 318 317 318 318 318 318 317 315
-1.7e+308 -1.7e+308 -1.7e+308 -1.7e+308 -1.7e+308 -1.7e+308 -1.7e+308 -1.7e+308 -1.7e+308 -1.7e+308 287 288 297 296 296 295 296 296 294 290 289 290 287 282 266 259 259 250 254 250 275 287 282 270 257 257 255 265 269 264 266 281 296 301 285 288 275 283 299 309 310 311 312 312 312 314 316 314 315 317 316 316 316 317 317 317 317 318 318 316
-1.7e+308 -1.7e+308 -1.7e+308 -1.7e+308 -1.7e+308 -1.7e+308 -1.7e+308 -1.7e+308 -1.7e+308 293 288 292 294 297 297 294 292 292 293 288 287 290 289 287 284 283 267 253 247 249 264 282 277 259 263 271 270 274 276 270 282 298 304 301 296 299 292 298 310 312 313 314 314 314 313 314 315 317 317 318 318 318 318 318 318 318 318 317 319 317
307 307 302 293 276 292 299 302 301 297 296 294 296 295 296 293 286 287 291 291 288 288 290 285 270 268 266 271 261 265 277 284 279 260 273 284 283 279 282 282 296 305 309 310 310 309 309 309 310 311 312 314 315 314 314 316 316 317 318 318 318 319 319 319 318 318 319 318 319 320
303 301 292 285 280 294 299 298 299 300 297 295 291 291 293 293 291 287 279 282 289 279 286 285 281 282 273 276 279 279 277 285 273 273 280 288 293 291 290 302 308 307 311 314 311 309 311 312 312 309 313 314 316 315 314 310 316 317 316 318 319 319 319 320 319 319 320 319 319 319
300 289 280 270 281 291 295 296 298 299 298 296 294 291 289 292 291 288 285 281 281 265 281 284 276 268 276 283 286 278 277 285 281 289 294 296 295 293 298 309 309 310 311 315 315 312 313 314 313 312 313 314 316 316 316 314 316 318 319 319 318 319 321 320 321 320 321 321 320 319
294 278 276 281 274 277 287 294 296 297 298 294 290 286 290 289 290 291 288 286 278 263 273 281 275 267 280 289 285 284 289 291 295 292 297 297 297 299 299 308 310 312 314 316 314 312 314 315 315 314 314 315 317 317 316 317 317 317 319 320 320 320 321 322 322 322 320 320 321 321
309 302 292 294 291 282 292 297 293 285 294 290 284 282 283 281 284 283 285 289 286 271 268 272 265 270 283 289 287 283 291 290 297 301 298 296 299 298 304 309 311 312 315 317 315 313 315 316 315 316 315 316 317 318 317 318 318 318 319 320 321 321 321 321 322 322 321 320 320 321
290 288 297 300 296 297 301 297 286 279 290 291 289 282 281 279 273 267 275 284 280 274 282 276 275 287 292 285 286 284 291 294 299 302 299 301 303 303 309 310 312 313 316 317 316 315 317 317 316 317 317 317 318 318 318 318 320 319 319 320 321 322 322 322 322 323 322 321 322 321
299 290 299 301 299 301 301 289 272 276 284 290 285 286 283 284 276 270 268 273 271 273 287 290 293 295 294 291 287 285 290 296 303 301 303 306 309 310 311 312 312 315 316 317 319 319 318 318 318 318 318 317 318 319 319 318 319 320 320 320 321 322 323 323 322 322 323 323 323 322
305 297 302 302 302 303 298 293 289 294 287 280 278 277 277 282 274 277 286 287 285 278 292 296 298 297 292 295 296 296 298 301 308 310 308 312 313 313 312 314 314 314 315 317 320 319 320 319 319 319 319 318 318 319 320 319 320 322 320 320 321 322 323 324 323 323 322 322 323 324
308 304 305 303 302 300 300 299 295 295 289 280 272 276 284 281 285 288 290 295 293 290 294 292 296 299 296 298 299 299 298 301 304 312 315 314 316 314 314 314 315 316 317 319 321 320 320 320 320 320 320 319 318 319 321 319 321 322 321 321 322 321 322 323 323 324 324 324 323 323
315 308 305 301 303 299 298 296 292 291 285 278 281 290 296 296 297 296 295 297 296 298 297 295 298 299 298 299 298 298 299 300 308 313 315 316 317 316 316 315 314 317 319 320 321 321 321 320 320 321 320 320 319 320 321 320 320 322 323 322 322 323 322 323 324 324 325 325 325 325
311 309 305 303 304 300 296 288 283 288 290 288 293 295 298 300 302 301 300 299 299 297 295 298 299 299 299 298 298 298 300 305 311 312 313 314 315 318 318 316 316 318 319 320 321 321 322 322 322 321 321 321 320 320 322 322 322 322 323 324 323 324 323 323 323 324 324 325 325 326
307 306 307 307 306 302 297 292 282 286 297 297 298 296 299 302 302 303 302 300 300 296 297 298 300 300 299 298 295 299 305 309 314 314 314 315 316 317 318 318 318 319 320 320 321 323 322 321 321 322 322 322 320 320 321 322 323 322 324 325 324 325 324 324 325 324 324 325 326 327
312 308 306 306 301 300 300 301 294 288 296 300 299 300 299 301 303 304 303 303 302 302 301 299 302 301 301 299 303 311 310 314 315 315 316 317 316 317 318 319 320 321 321 321 322 323 322 322 322 322 323 322 321 321 322 322 323 324 323 324 325 326 325 324 325 326 325 325 326 326
312 308 305 304 297 301 302 303 303 300 298 300 301 302 302 303 304 306 306 305 303 304 302 303 304 303 301 306 312 312 314 316 317 316 317 318 318 317 317 319 319 319 320 321 323 322 323 323 322 322 323 322 323 322 323 322 323 324 325 325 326 326 327 325 326 327 326 326 326 327
311 310 308 302 300 302 305 304 304 303 301 302 304 304 304 306 305 306 305 305 305 306 304 306 304 304 308 311 314 311 313 316 317 319 319 318 319 319 317 318 318 319 321 322 324 323 324 323 322 322 323 324 323 323 324 323 323 325 326 326 326 327 327 326 326 327 328 328 327 328
312 308 305 306 305 304 306 306 307 306 304 305 306 306 306 306 306 307 306 306 307 307 307 308 307 309 312 313 315 315 315 316 317 318 320 320 320 319 317 317 318 320 321 322 323 324 324 323 322 323 323 325 323 324 324 324 324 324 325 327 328 327 328 327 327 327 328 329 329 329
307 300 306 308 306 304 307 309 308 308 308 308 307 305 305 304 304 306 308 308 307 306 308 311 311 312 314 315 316 317 318 318 318 319 319 320 320 319 318 318 318 319 320 322 323 324 324 324 323 324 325 324 324 325 326 325 325 325 325 326 327 328 328 328 328 328 329 330 330 330
308 306 309 309 306 308 309 308 306 307 307 306 306 306 306 305 306 307 308 307 307 307 308 311 314 314 315 316 318 319 319 320 320 320 320 319 321 319 318 318 319 320 321 322 322 322 324 325 324 324 325 324 325 326 326 325 325 326 326 325 326 327 328 329 330 329 329 330 331 331
311 311 310 311 311 310 308 307 306 306 306 306 306 304 306 307 308 309 309 307 307 310 311 313 315 315 316 317 317 317 319 319 320 319 320 320 321 321 320 319 320 321 321 322 323 323 324 325 325 325 325 325 326 327 326 325 326 327 327 326 326 327 328 329 330 331 330 330 331 333
313 311 313 312 310 308 309 309 308 307 306 307 307 305 307 309 309 309 308 308 310 312 312 314 316 317 316 316 318 318 317 318 319 319 319 320 321 321 322 322 321 321 321 321 321 323 324 326 325 326 326 326 327 327 326 326 327 328 327 326 326 327 328 329 330 331 332 331 333 333
314 314 313 313 311 311 311 309 309 308 307 307 306 306 308 309 308 308 308 311 313 313 315 316 317 318 317 318 319 320 319 319 319 319 321 321 322 321 322 323 323 322 321 321 322 322 323 325 326 327 327 328 328 327 326 326 328 328 327 327 327 327 328 330 330 331 331 333 332 333
314 313 312 311 312 312 311 309 308 307 307 308 306 307 310 309 309 309 309 312 314 316 316 316 317 319 320 319 320 321 320 321 320 319 320 322 322 321 322 323 323 323 322 321 321 323 324 325 326 327 327 328 329 328 327 327 327 329 327 327 328 327 328 328 330 331 331 333 332 333
315 314 311 312 312 310 309 308 307 307 308 307 308 309 311 310 310 310 309 312 314 316 317 318 319 320 321 320 320 321 322 322 321 321 322 323 323 323 323 323 324 324 323 323 322 324 325 325 326 327 327 327 328 329 329 327 328 329 328 328 328 327 328 329 329 330 331 332 333 334
314 313 312 313 312 310 310 310 310 309 307 309 310 311 310 310 310 310 310 312 314 314 316 317 319 320 321 321 321 321 323 323 322 321 322 322 323 323 324 324 324 324 325 324 324 325 326 326 327 327 328 328 328 329 329 328 329 328 327 328 328 328 329 330 329 330 331 332 333 334
