layers/bio6.asc
NCOLS 292 
NROWS 290 
XLLCORNER -87.625 
YLLCORNER 24.5 
CELLSIZE 0.0416666666666667 
NODATA_value -1.7e+308 
[rows 32 to 63 of 290, columns 72 to 143 of 292]
-1.7e+308 -1.7e+308 -1.7e+308 -1.7e+308 -1.7e+308 -1.7e+308 -1.7e+308 -1.7e+308 -44 -43 -54 -53 -52 -57 -59 -60 -58 -56 -54 -53 -56 -57 -59 -56 -60 -64 -54 -48 -48 -45 -46 -49 -54 -55 -53 -50 -50 -49 -50 -52 -54 -49 -48 -48 -43 -40 -42 -41 -41 -44 -42 -42 -37 -36 -34 -31 -24 -18 -18 -18 -18 -19 -19 -19 -19 -19 -20 -20 -20 -20 -20 -21
-1.7e+308 -1.7e+308 -1.7e+308 -1.7e+308 -1.7e+308 -1.7e+308 -1.7e+308 -1.7e+308 -38 -41 -44 -43 -47 -48 -49 -55 -48 -46 -47 -48 -53 -60 -58 -58 -66 -63 -55 -52 -49 -45 -44 -46 -49 -56 -55 -53 -56 -54 -54 -52 -47 -45 -45 -42 -39 -40 -46 -42 -41 -44 -40 -37 -35 -34 -32 -36 -25 -17 -16 -16 -16 -17 -18 -18 -19 -19 -19 -19 -20 -20 -20 -20
-1.7e+308 -1.7e+308 -1.7e+308 -1.7e+308 -1.7e+308 -1.7e+308 -1.7e+308 -1.7e+308 -38 -38 -39 -40 -44 -44 -47 -45 -45 -50 -55 -58 -60 -66 -59 -57 -61 -61 -53 -48 -47 -44 -45 -46 -48 -54 -57 -53 -54 -53 -53 -53 -47 -44 -41 -38 -40 -44 -44 -42 -42 -37 -31 -26 -24 -22 -31 -28 -18 -15 -15 -15 -16 -16 -16 -18 -18 -18 -19 -19 -20 -20 -20 -20
-1.7e+308 -1.7e+308 -1.7e+308 -1.7e+308 -1.7e+308 -1.7e+308 -1.7e+308 -1.7e+308 -40 -41 -40 -39 -40 -41 -43 -43 -44 -51 -52 -53 -54 -54 -53 -58 -58 -57 -55 -50 -49 -44 -47 -53 -49 -54 -56 -53 -50 -50 -48 -46 -42 -38 -38 -42 -41 -42 -43 -36 -34 -22 -19 -19 -17 -18 -16 -15 -14 -14 -14 -13 -14 -15 -15 -16 -16 -16 -17 -18 -19 -19 -19 -19
-1.7e+308 -1.7e+308 -1.7e+308 -1.7e+308 -1.7e+308 -1.7e+308 -1.7e+308 -1.7e+308 -45 -45 -40 -41 -41 -41 -41 -42 -43 -45 -46 -45 -46 -49 -55 -58 -57 -60 -58 -59 -49 -43 -45 -49 -53 -52 -52 -48 -46 -48 -47 -40 -31 -28 -37 -35 -42 -37 -27 -19 -17 -17 -15 -15 -15 -13 -12 -13 -13 -12 -13 -13 -13 -14 -14 -15 -15 -15 -16 -17 -18 -18 -18 -19
-1.7e+308 -1.7e+308 -1.7e+308 -1.7e+308 -1.7e+308 -1.7e+308 -1.7e+308 -41 -44 -42 -41 -40 -40 -42 -43 -43 -43 -46 -46 -44 -44 -45 -46 -46 -53 -58 -61 -59 -52 -44 -46 -52 -50 -46 -46 -44 -43 -45 -39 -29 -25 -26 -29 -27 -31 -26 -17 -15 -14 -13 -13 -13 -14 -13 -12 -11 -11 -11 -11 -11 -12 -12 -12 -13 -13 -14 -14 -16 -16 -16 -17 -19
-34 -40 -50 -41 -36 -35 -36 -38 -39 -40 -39 -40 -40 -41 -46 -46 -43 -43 -45 -44 -43 -45 -51 -52 -53 -50 -53 -52 -46 -42 -44 -51 -45 -40 -40 -41 -39 -38 -30 -23 -19 -19 -18 -19 -18 -18 -16 -15 -14 -12 -12 -12 -11 -10 -10 -10 -9 -9 -10 -10 -10 -10 -11 -11 -11 -12 -13 -14 -15 -16 -16 -18
-40 -44 -47 -39 -36 -36 -36 -36 -37 -39 -42 -42 -41 -41 -42 -45 -49 -47 -43 -48 -44 -44 -45 -45 -49 -47 -44 -44 -44 -40 -45 -44 -41 -36 -33 -34 -34 -25 -21 -21 -17 -15 -16 -17 -15 -15 -14 -15 -13 -11 -10 -10 -11 -13 -9 -9 -10 -9 -8 -9 -9 -8 -9 -9 -9 -11 -12 -13 -14 -15 -16 -17
-46 -52 -46 -40 -38 -37 -36 -35 -36 -38 -39 -41 -42 -41 -42 -43 -45 -47 -46 -54 -46 -44 -47 -50 -46 -42 -39 -43 -44 -39 -40 -36 -32 -30 -31 -31 -27 -19 -18 -17 -16 -14 -13 -14 -13 -12 -12 -12 -11 -10 -9 -9 -9 -10 -8 -8 -7 -8 -8 -8 -8 -8 -8 -8 -9 -10 -12 -13 -14 -15 -15 -16
-48 -45 -49 -47 -42 -38 -36 -36 -35 -38 -41 -43 -41 -42 -41 -41 -43 -43 -47 -53 -48 -44 -47 -50 -43 -37 -39 -39 -36 -34 -31 -33 -29 -29 -28 -27 -26 -18 -16 -15 -14 -12 -12 -14 -12 -10 -10 -10 -10 -9 -8 -8 -8 -7 -7 -7 -7 -7 -7 -7 -8 -7 -7 -8 -9 -10 -11 -12 -13 -15 -15 -15
-38 -37 -38 -44 -38 -35 -37 -42 -37 -39 -44 -44 -44 -45 -43 -44 -43 -41 -42 -49 -50 -48 -50 -47 -40 -36 -36 -39 -33 -33 -29 -26 -27 -28 -25 -25 -21 -17 -15 -14 -12 -11 -11 -12 -11 -9 -9 -9 -9 -8 -7 -7 -7 -6 -6 -6 -7 -7 -6 -7 -7 -7 -8 -8 -9 -10 -12 -12 -13 -14 -15 -16
-35 -33 -35 -35 -32 -34 -41 -45 -39 -38 -39 -43 -44 -45 -48 -51 -47 -42 -44 -46 -41 -44 -44 -36 -32 -37 -36 -37 -32 -30 -26 -24 -26 -23 -21 -21 -16 -15 -14 -12 -11 -10 -10 -10 -9 -9 -8 -8 -8 -8 -7 -7 -6 -5 -5 -6 -6 -6 -7 -7 -7 -7 -8 -8 -10 -11 -11 -13 -14 -14 -14 -15
-32 -31 -32 -31 -30 -38 -48 -46 -41 -38 -41 -40 -42 -41 -46 -48 -49 -46 -47 -46 -37 -34 -32 -30 -30 -32 -34 -35 -31 -27 -22 -23 -21 -19 -16 -15 -14 -13 -12 -11 -10 -10 -8 -8 -8 -8 -7 -7 -7 -8 -7 -7 -6 -6 -6 -6 -6 -7 -6 -7 -7 -8 -8 -9 -10 -10 -11 -13 -13 -14 -14 -14
-30 -30 -30 -29 -32 -35 -37 -34 -38 -43 -44 -44 -45 -41 -46 -43 -38 -37 -38 -42 -32 -28 -26 -27 -30 -28 -27 -27 -25 -23 -17 -16 -16 -13 -13 -12 -12 -11 -11 -11 -11 -9 -7 -7 -7 -7 -7 -7 -7 -8 -8 -8 -7 -7 -6 -6 -6 -7 -7 -7 -7 -7 -8 -9 -10 -11 -12 -12 -13 -14 -13 -14
-28 -28 -29 -30 -30 -30 -32 -32 -36 -42 -46 -44 -39 -41 -38 -35 -33 -30 -31 -32 -29 -30 -27 -24 -26 -24 -23 -23 -23 -21 -18 -13 -11 -11 -11 -11 -11 -11 -11 -10 -9 -8 -6 -7 -7 -6 -7 -7 -7 -7 -8 -8 -7 -7 -6 -6 -6 -7 -7 -7 -8 -8 -9 -9 -10 -11 -12 -13 -14 -14 -13 -13
-27 -29 -27 -30 -30 -31 -33 -34 -38 -42 -40 -34 -30 -30 -28 -29 -30 -27 -27 -26 -26 -26 -24 -23 -23 -23 -23 -23 -22 -21 -15 -11 -10 -10 -10 -10 -10 -11 -11 -9 -8 -7 -6 -7 -6 -6 -6 -6 -7 -7 -8 -8 -7 -7 -7 -7 -6 -7 -7 -8 -8 -8 -9 -9 -10 -10 -11 -12 -13 -14 -13 -12
-26 -27 -26 -28 -31 -35 -39 -35 -34 -35 -31 -30 -27 -25 -24 -24 -24 -24 -24 -25 -26 -23 -23 -22 -22 -23 -22 -22 -21 -17 -12 -12 -11 -10 -10 -9 -9 -10 -10 -9 -8 -7 -6 -6 -6 -6 -6 -6 -7 -7 -8 -8 -7 -7 -7 -7 -6 -7 -7 -7 -8 -9 -9 -10 -10 -10 -11 -11 -12 -11 -12 -11
-24 -24 -24 -26 -29 -32 -38 -35 -28 -28 -26 -28 -26 -23 -22 -22 -22 -23 -22 -25 -24 -22 -21 -20 -22 -22 -23 -21 -17 -14 -11 -10 -10 -10 -9 -9 -8 -8 -9 -8 -8 -7 -7 -6 -6 -5 -6 -6 -6 -6 -8 -8 -7 -7 -6 -7 -7 -6 -7 -7 -8 -9 -9 -10 -10 -10 -10 -10 -11 -11 -10 -10
-24 -24 -26 -26 -26 -25 -30 -34 -28 -25 -25 -24 -25 -22 -21 -19 -20 -19 -19 -20 -20 -21 -19 -20 -20 -21 -18 -13 -13 -11 -10 -10 -9 -9 -10 -9 -9 -8 -8 -8 -7 -7 -6 -6 -6 -5 -6 -6 -6 -6 -7 -7 -7 -7 -6 -6 -7 -7 -7 -7 -8 -8 -9 -9 -10 -10 -10 -10 -10 -10 -10 -9
-25 -25 -28 -25 -24 -24 -23 -25 -25 -24 -23 -22 -22 -20 -19 -18 -17 -17 -18 -17 -18 -18 -17 -18 -19 -16 -12 -13 -11 -10 -9 -10 -9 -9 -8 -9 -9 -9 -8 -9 -8 -7 -6 -6 -6 -5 -6 -6 -5 -6 -6 -7 -7 -7 -7 -6 -6 -6 -6 -7 -7 -8 -9 -8 -9 -9 -9 -10 -9 -9 -9 -8
-22 -25 -26 -24 -22 -22 -22 -23 -23 -22 -20 -20 -19 -17 -17 -16 -16 -15 -15 -15 -16 -15 -16 -17 -14 -13 -12 -13 -12 -10 -9 -8 -8 -9 -8 -8 -10 -9 -9 -9 -8 -7 -7 -6 -6 -6 -6 -6 -6 -6 -6 -6 -6 -7 -7 -6 -6 -6 -6 -6 -6 -7 -8 -8 -8 -8 -9 -9 -9 -8 -8 -7
-24 -23 -23 -22 -21 -20 -20 -20 -20 -19 -18 -18 -17 -17 -16 -15 -14 -14 -13 -13 -13 -14 -14 -13 -12 -12 -11 -11 -11 -11 -10 -9 -8 -8 -8 -9 -10 -10 -10 -9 -8 -8 -7 -6 -6 -6 -6 -6 -6 -6 -6 -6 -6 -6 -6 -6 -6 -6 -6 -6 -6 -7 -7 -8 -7 -7 -8 -8 -8 -8 -8 -7
-23 -21 -22 -22 -20 -18 -18 -18 -17 -17 -17 -18 -17 -17 -17 -15 -13 -12 -12 -13 -12 -11 -12 -11 -11 -11 -11 -10 -9 -9 -9 -8 -8 -8 -8 -8 -9 -9 -9 -9 -9 -8 -8 -7 -6 -6 -6 -6 -6 -6 -6 -5 -5 -6 -6 -6 -6 -6 -6 -5 -6 -6 -7 -7 -7 -7 -7 -7 -7 -7 -6 -7
-20 -20 -21 -19 -18 -18 -19 -18 -18 -18 -17 -17 -16 -16 -15 -13 -12 -12 -12 -12 -12 -10 -10 -10 -10 -10 -10 -9 -9 -8 -8 -8 -8 -8 -7 -8 -9 -9 -9 -9 -9 -8 -8 -7 -6 -6 -6 -6 -5 -6 -5 -5 -5 -6 -6 -5 -6 -6 -6 -6 -6 -6 -6 -6 -7 -6 -6 -6 -6 -6 -6 -5
-19 -18 -17 -17 -18 -18 -18 -18 -18 -17 -17 -17 -15 -14 -13 -12 -12 -12 -12 -10 -10 -9 -9 -10 -9 -9 -10 -10 -9 -9 -8 -8 -7 -7 -7 -7 -8 -8 -9 -9 -8 -8 -8 -8 -7 -6 -6 -5 -5 -5 -5 -5 -5 -5 -5 -5 -5 -6 -6 -6 -6 -6 -6 -5 -6 -6 -5 -5 -5 -5 -5 -5
-17 -16 -18 -18 -17 -17 -17 -17 -17 -16 -16 -16 -14 -13 -12 -11 -12 -11 -10 -9 -9 -8 -8 -8 -9 -9 -9 -9 -9 -9 -8 -8 -8 -7 -7 -7 -7 -7 -8 -8 -8 -9 -8 -8 -6 -5 -6 -5 -5 -5 -4 -4 -5 -5 -5 -4 -5 -6 -6 -6 -5 -5 -5 -5 -5 -5 -5 -4 -4 -4 -4 -4
-16 -16 -16 -16 -15 -16 -16 -16 -16 -16 -16 -15 -13 -13 -12 -12 -12 -9 -8 -9 -8 -7 -7 -7 -8 -8 -7 -7 -8 -7 -7 -7 -7 -6 -6 -6 -6 -6 -7 -7 -8 -8 -8 -7 -6 -6 -5 -5 -4 -4 -4 -4 -5 -5 -4 -4 -5 -5 -5 -6 -5 -5 -5 -5 -5 -4 -5 -4 -4 -4 -4 -3
-16 -16 -14 -14 -14 -15 -16 -16 -16 -15 -15 -14 -12 -12 -11 -11 -11 -9 -8 -7 -7 -7 -7 -7 -6 -7 -6 -6 -7 -6 -7 -7 -6 -5 -6 -6 -6 -6 -6 -7 -7 -8 -8 -7 -6 -5 -5 -4 -4 -4 -3 -4 -4 -5 -4 -4 -5 -5 -5 -5 -5 -5 -5 -5 -5 -4 -4 -4 -4 -3 -3 -3
-16 -15 -13 -14 -15 -15 -15 -15 -15 -14 -14 -12 -11 -11 -10 -10 -10 -9 -8 -7 -6 -6 -6 -5 -5 -6 -6 -5 -5 -5 -5 -6 -5 -4 -5 -5 -5 -6 -5 -5 -6 -6 -7 -6 -5 -5 -4 -4 -4 -4 -4 -3 -3 -4 -4 -4 -4 -4 -4 -5 -5 -5 -5 -5 -5 -4 -4 -3 -3 -3 -3 -2
-14 -13 -12 -13 -13 -13 -14 -14 -14 -13 -12 -11 -11 -10 -10 -10 -9 -8 -8 -8 -7 -6 -6 -5 -5 -5 -5 -5 -4 -4 -4 -4 -4 -4 -4 -5 -4 -5 -4 -5 -4 -5 -5 -4 -4 -4 -4 -3 -3 -3 -3 -3 -3 -4 -3 -4 -5 -4 -5 -5 -5 -5 -5 -5 -5 -4 -4 -3 -3 -2 -2 -2
-13 -13 -12 -11 -11 -11 -13 -13 -12 -12 -11 -11 -10 -9 -9 -9 -8 -8 -7 -7 -6 -6 -5 -5 -5 -4 -4 -3 -3 -3 -2 -3 -3 -3 -3 -3 -3 -4 -5 -4 -5 -4 -3 -3 -3 -3 -3 -3 -2 -3 -3 -3 -3 -3 -4 -4 -4 -4 -5 -5 -5 -5 -4 -4 -4 -4 -3 -3 -2 -2 -2 -2
-11 -11 -9 -9 -9 -10 -11 -11 -11 -11 -10 -9 -8 -8 -8 -8 -7 -6 -7 -6 -5 -4 -4 -4 -4 -4 -3 -3 -2 -2 -1 -2 -2 -3 -3 -3 -3 -4 -4 -4 -3 -3 -3 -2 -3 -3 -3 -2 -2 -2 -2 -3 -3 -3 -4 -5 -4 -4 -4 -4 -5 -4 -4 -3 -3 -3 -3 -3 -2 -2 -2 -2
