layers/bio6.asc
NCOLS 292 
NROWS 290 
XLLCORNER -87.6250000000025 
YLLCORNER 24.4999999999995 
CELLSIZE 0.0416666666666669 
NODATA_value -1.7e+308 
[rows 64 to 95 of 290, columns 146 to 218 of 292]
65535 65535 0 0 0 1 1 3 4 5 6 7 9 9 9 9 9 9 9 9 9 9 11 11 10 10 10 9 8 8 7 6 6 5 5 4 4 4 4 4 4 5 5 5 5 5 6 6 6 7 7 7 7 7 8 8 8 8 8 8 8 8 7 7 6 6 6 7 7 7 7 7 8
0 0 0 0 1 1 2 3 3 4 5 7 8 10 10 10 10 10 10 10 11 11 11 11 10 10 10 9 9 8 7 6 6 5 5 5 5 5 5 5 5 5 5 5 5 6 6 7 7 7 7 7 8 8 8 9 9 9 9 10 10 9 9 8 8 8 8 7 8 8 9 9 -1.7e+308
0 1 1 0 2 1 2 3 3 4 5 7 8 10 10 11 11 11 11 11 12 11 11 11 10 10 9 9 8 8 7 6 6 5 5 5 5 5 5 5 5 5 5 5 6 6 7 7 7 7 8 9 9 9 9 9 9 10 11 11 11 10 10 9 9 9 9 9 9 -1.7e+308 -1.7e+308 -1.7e+308 -1.7e+308
0 1 2 1 2 2 3 4 4 5 6 7 9 9 10 11 11 11 12 12 12 12 12 11 10 10 10 9 8 8 7 6 6 6 5 5 5 5 5 5 5 5 5 5 6 6 7 7 8 8 9 9 9 10 10 10 11 11 11 11 11 12 11 11 11 10 10 -1.7e+308 -1.7e+308 -1.7e+308 -1.7e+308 -1.7e+308 -1.7e+308
0 1 2 3 3 4 4 4 5 6 7 8 8 10 10 10 10 11 11 11 11 11 13 12 11 10 10 9 8 7 7 6 6 5 5 5 5 5 6 5 5 6 6 6 6 7 8 8 8 9 9 10 10 10 10 11 11 12 12 13 12 12 12 12 11 -1.7e+308 -1.7e+308 -1.7e+308 -1.7e+308 -1.7e+308 -1.7e+308 -1.7e+308 -1.7e+308
1 1 2 2 3 5 5 6 6 7 8 9 9 10 10 11 11 11 12 12 11 12 12 13 11 10 10 9 8 7 6 6 5 5 5 5 6 6 6 6 6 6 6 6 7 8 8 9 9 9 10 11 11 11 11 12 12 12 12 13 13 13 13 13 -1.7e+308 -1.7e+308 -1.7e+308 -1.7e+308 -1.7e+308 -1.7e+308 -1.7e+308 -1.7e+308 -1.7e+308
1 2 2 3 4 4 5 7 8 8 9 10 10 10 11 12 12 12 12 12 13 12 12 12 12 11 10 9 8 7 6 6 5 5 5 6 6 6 6 6 6 6 7 7 8 9 9 9 10 11 11 11 11 12 12 13 13 13 14 14 14 14 14 -1.7e+308 -1.7e+308 -1.7e+308 -1.7e+308 -1.7e+308 -1.7e+308 -1.7e+308 -1.7e+308 -1.7e+308 -1.7e+308
3 3 3 4 5 6 6 7 8 9 10 11 11 11 12 12 13 12 13 13 13 13 13 12 13 12 10 9 9 7 6 5 5 5 6 6 6 7 7 7 7 8 8 8 9 9 10 10 11 11 12 12 12 13 13 14 14 14 15 15 15 15 -1.7e+308 -1.7e+308 -1.7e+308 -1.7e+308 -1.7e+308 -1.7e+308 -1.7e+308 -1.7e+308 -1.7e+308 -1.7e+308 -1.7e+308
4 5 5 5 6 7 7 8 8 9 10 11 12 13 13 13 13 13 14 14 13 13 13 12 12 12 11 10 9 8 7 6 5 6 6 7 7 7 7 7 8 8 8 9 10 10 10 11 12 12 13 13 13 14 14 14 14 15 15 16 15 -1.7e+308 -1.7e+308 -1.7e+308 -1.7e+308 -1.7e+308 -1.7e+308 -1.7e+308 -1.7e+308 -1.7e+308 -1.7e+308 -1.7e+308 -1.7e+308
4 5 6 7 7 8 8 9 10 10 10 11 12 13 14 14 14 14 14 14 14 14 13 13 13 12 12 11 10 9 8 7 7 7 8 8 8 8 8 8 8 9 9 10 11 11 12 12 13 13 13 14 14 15 15 15 15 16 16 16 -1.7e+308 -1.7e+308 -1.7e+308 -1.7e+308 -1.7e+308 -1.7e+308 -1.7e+308 -1.7e+308 -1.7e+308 -1.7e+308 -1.7e+308 -1.7e+308 -1.7e+308
4 5 6 7 8 9 9 10 10 11 11 12 13 13 14 15 15 15 15 15 15 14 14 13 13 13 12 12 11 10 9 9 8 8 8 8 8 9 9 9 10 10 10 11 11 12 13 14 14 14 14 15 15 16 16 16 16 16 17 -1.7e+308 -1.7e+308 -1.7e+308 -1.7e+308 -1.7e+308 -1.7e+308 -1.7e+308 -1.7e+308 -1.7e+308 -1.7e+308 -1.7e+308 -1.7e+308 -1.7e+308 -1.7e+308
5 6 7 7 8 9 10 11 11 12 12 13 13 14 14 15 15 15 15 15 15 15 15 14 14 13 13 12 12 11 10 10 9 9 9 9 9 10 10 10 11 11 11 12 13 13 14 14 14 15 15 16 16 17 17 17 17 17 -1.7e+308 -1.7e+308 -1.7e+308 -1.7e+308 -1.7e+308 -1.7e+308 -1.7e+308 -1.7e+308 -1.7e+308 -1.7e+308 -1.7e+308 -1.7e+308 -1.7e+308 -1.7e+308 -1.7e+308
6 6 7 8 9 9 10 11 12 13 13 13 14 14 15 15 16 16 15 15 15 15 15 15 15 14 14 13 12 12 11 11 11 10 10 10 10 10 10 11 12 13 13 13 14 14 15 15 16 16 16 17 17 18 18 18 18 18 -1.7e+308 -1.7e+308 -1.7e+308 -1.7e+308 -1.7e+308 -1.7e+308 -1.7e+308 -1.7e+308 -1.7e+308 -1.7e+308 -1.7e+308 -1.7e+308 -1.7e+308 -1.7e+308 -1.7e+308
6 7 8 9 9 10 10 11 11 12 13 14 14 14 15 15 16 16 16 16 16 15 15 15 15 15 15 14 13 13 12 12 11 11 11 11 11 12 12 12 13 13 14 15 15 15 16 16 17 17 17 18 18 18 19 19 19 -1.7e+308 -1.7e+308 -1.7e+308 -1.7e+308 -1.7e+308 -1.7e+308 -1.7e+308 -1.7e+308 -1.7e+308 -1.7e+308 -1.7e+308 -1.7e+308 -1.7e+308 -1.7e+308 -1.7e+308 -1.7e+308
7 8 9 9 10 11 11 11 12 13 13 14 14 15 15 15 15 15 16 16 16 16 16 16 16 16 16 15 14 14 13 13 12 12 13 13 12 12 13 14 14 15 15 16 16 17 17 17 17 17 18 18 19 19 20 20 20 -1.7e+308 -1.7e+308 -1.7e+308 -1.7e+308 -1.7e+308 -1.7e+308 -1.7e+308 -1.7e+308 -1.7e+308 -1.7e+308 -1.7e+308 -1.7e+308 -1.7e+308 -1.7e+308 -1.7e+308 -1.7e+308
8 9 9 10 11 12 12 12 13 13 14 14 15 15 15 16 16 16 15 15 15 15 16 16 16 16 16 16 15 15 14 14 14 14 14 13 13 14 14 15 15 16 16 17 17 18 18 18 19 19 19 19 19 20 20 21 21 -1.7e+308 -1.7e+308 -1.7e+308 -1.7e+308 -1.7e+308 -1.7e+308 -1.7e+308 -1.7e+308 -1.7e+308 -1.7e+308 -1.7e+308 -1.7e+308 -1.7e+308 -1.7e+308 -1.7e+308 -1.7e+308
9 10 10 11 11 12 12 13 13 13 14 14 15 15 15 16 16 16 16 16 16 16 16 16 16 16 17 16 16 16 15 15 15 15 15 15 15 15 16 17 17 18 18 18 19 19 19 19 19 20 20 20 20 20 21 21 21 -1.7e+308 -1.7e+308 -1.7e+308 -1.7e+308 -1.7e+308 -1.7e+308 -1.7e+308 -1.7e+308 -1.7e+308 -1.7e+308 -1.7e+308 -1.7e+308 -1.7e+308 -1.7e+308 -1.7e+308 -1.7e+308
9 10 11 11 12 12 13 14 13 14 14 15 15 15 15 15 16 16 16 16 16 16 16 16 17 17 17 17 16 17 16 16 16 17 17 17 17 18 18 18 19 19 20 20 20 21 20 20 20 20 20 21 21 22 22 22 -1.7e+308 -1.7e+308 -1.7e+308 -1.7e+308 -1.7e+308 -1.7e+308 -1.7e+308 -1.7e+308 -1.7e+308 -1.7e+308 -1.7e+308 -1.7e+308 -1.7e+308 -1.7e+308 -1.7e+308 -1.7e+308 -1.7e+308
10 11 11 11 12 12 13 14 14 14 15 15 15 15 15 15 15 16 16 16 16 16 16 17 17 17 17 17 17 17 17 18 18 18 18 18 19 20 20 20 21 21 21 22 22 22 21 22 22 21 22 22 22 23 23 -1.7e+308 -1.7e+308 -1.7e+308 -1.7e+308 -1.7e+308 -1.7e+308 -1.7e+308 -1.7e+308 -1.7e+308 -1.7e+308 -1.7e+308 -1.7e+308 -1.7e+308 -1.7e+308 -1.7e+308 -1.7e+308 -1.7e+308 -1.7e+308
11 11 12 12 13 13 14 14 15 15 15 15 15 15 16 16 15 16 16 16 17 17 17 17 17 17 18 17 18 18 19 19 19 19 20 21 21 22 23 23 23 23 23 23 23 23 23 23 22 22 23 23 24 24 -1.7e+308 -1.7e+308 -1.7e+308 -1.7e+308 -1.7e+308 -1.7e+308 -1.7e+308 -1.7e+308 -1.7e+308 -1.7e+308 -1.7e+308 -1.7e+308 -1.7e+308 -1.7e+308 -1.7e+308 -1.7e+308 -1.7e+308 -1.7e+308 -1.7e+308
13 13 13 13 13 14 14 15 15 15 16 16 16 16 16 16 16 16 16 16 16 17 17 17 18 18 18 19 19 20 20 20 20 21 22 23 23 24 25 25 25 25 25 25 25 25 25 24 24 24 24 25 25 -1.7e+308 -1.7e+308 -1.7e+308 -1.7e+308 -1.7e+308 -1.7e+308 -1.7e+308 -1.7e+308 -1.7e+308 -1.7e+308 -1.7e+308 -1.7e+308 -1.7e+308 -1.7e+308 -1.7e+308 -1.7e+308 -1.7e+308 -1.7e+308 -1.7e+308 -1.7e+308
13 13 13 13 14 14 15 15 15 16 16 16 16 16 16 16 16 16 16 16 16 17 17 17 18 19 19 19 20 20 21 21 21 22 23 25 26 26 27 28 28 27 27 27 27 27 26 26 -1.7e+308 25 26 26 26 -1.7e+308 -1.7e+308 -1.7e+308 -1.7e+308 -1.7e+308 -1.7e+308 -1.7e+308 -1.7e+308 -1.7e+308 -1.7e+308 -1.7e+308 -1.7e+308 -1.7e+308 -1.7e+308 -1.7e+308 -1.7e+308 -1.7e+308 -1.7e+308 -1.7e+308 -1.7e+308
14 14 14 14 15 15 16 16 16 16 16 16 16 16 16 16 16 16 16 16 16 17 17 18 19 19 20 20 21 21 22 22 23 24 25 27 28 29 30 30 30 30 29 29 29 28 28 -1.7e+308 -1.7e+308 -1.7e+308 -1.7e+308 -1.7e+308 -1.7e+308 -1.7e+308 -1.7e+308 -1.7e+308 -1.7e+308 -1.7e+308 -1.7e+308 -1.7e+308 -1.7e+308 -1.7e+308 -1.7e+308 -1.7e+308 -1.7e+308 -1.7e+308 -1.7e+308 -1.7e+308 -1.7e+308 -1.7e+308 -1.7e+308 -1.7e+308 -1.7e+308
15 16 15 15 16 16 16 17 16 17 17 17 17 16 16 16 16 17 16 16 17 17 18 19 19 20 21 21 22 22 23 24 25 26 28 29 30 32 32 32 32 32 32 31 31 30 30 -1.7e+308 -1.7e+308 -1.7e+308 -1.7e+308 -1.7e+308 -1.7e+308 -1.7e+308 -1.7e+308 -1.7e+308 -1.7e+308 -1.7e+308 -1.7e+308 -1.7e+308 -1.7e+308 -1.7e+308 -1.7e+308 -1.7e+308 -1.7e+308 -1.7e+308 -1.7e+308 -1.7e+308 -1.7e+308 -1.7e+308 -1.7e+308 -1.7e+308 -1.7e+308
16 16 17 16 17 17 17 17 17 17 17 17 17 17 17 17 16 16 17 17 17 18 18 19 20 21 21 22 23 24 24 26 27 28 30 31 33 34 35 35 35 34 33 33 32 32 -1.7e+308 -1.7e+308 -1.7e+308 -1.7e+308 -1.7e+308 -1.7e+308 -1.7e+308 -1.7e+308 -1.7e+308 -1.7e+308 -1.7e+308 -1.7e+308 -1.7e+308 -1.7e+308 -1.7e+308 -1.7e+308 -1.7e+308 -1.7e+308 -1.7e+308 -1.7e+308 -1.7e+308 -1.7e+308 -1.7e+308 -1.7e+308 -1.7e+308 -1.7e+308 -1.7e+308
17 17 18 18 18 18 18 18 18 18 18 17 17 17 17 17 17 17 17 17 18 18 19 20 21 21 22 23 24 25 26 27 28 30 31 33 35 36 38 37 37 36 35 35 -1.7e+308 -1.7e+308 -1.7e+308 -1.7e+308 -1.7e+308 -1.7e+308 -1.7e+308 -1.7e+308 -1.7e+308 -1.7e+308 -1.7e+308 -1.7e+308 -1.7e+308 -1.7e+308 -1.7e+308 -1.7e+308 -1.7e+308 -1.7e+308 -1.7e+308 -1.7e+308 -1.7e+308 -1.7e+308 -1.7e+308 -1.7e+308 -1.7e+308 -1.7e+308 -1.7e+308 -1.7e+308 -1.7e+308
18 19 19 19 18 18 19 19 19 18 18 18 18 17 17 18 17 17 18 18 19 19 20 21 22 23 23 24 25 26 27 28 29 31 33 34 37 38 39 39 38 38 37 36 -1.7e+308 -1.7e+308 -1.7e+308 -1.7e+308 -1.7e+308 -1.7e+308 -1.7e+308 -1.7e+308 -1.7e+308 -1.7e+308 -1.7e+308 -1.7e+308 -1.7e+308 -1.7e+308 -1.7e+308 -1.7e+308 -1.7e+308 -1.7e+308 -1.7e+308 -1.7e+308 -1.7e+308 -1.7e+308 -1.7e+308 -1.7e+308 -1.7e+308 -1.7e+308 -1.7e+308 -1.7e+308 -1.7e+308
19 19 20 20 20 19 19 20 19 19 19 19 18 18 18 18 18 18 18 19 20 21 21 22 23 23 24 25 26 27 28 29 31 32 34 36 38 39 40 41 39 39 -1.7e+308 -1.7e+308 -1.7e+308 -1.7e+308 -1.7e+308 -1.7e+308 -1.7e+308 -1.7e+308 -1.7e+308 -1.7e+308 -1.7e+308 -1.7e+308 -1.7e+308 -1.7e+308 -1.7e+308 -1.7e+308 -1.7e+308 -1.7e+308 -1.7e+308 -1.7e+308 -1.7e+308 -1.7e+308 -1.7e+308 -1.7e+308 -1.7e+308 -1.7e+308 -1.7e+308 -1.7e+308 -1.7e+308 -1.7e+308 -1.7e+308
19 20 21 20 20 20 20 20 20 20 20 19 19 19 18 18 18 19 19 20 21 21 22 23 24 24 25 26 27 27 29 30 32 33 34 36 38 39 41 40 -1.7e+308 -1.7e+308 -1.7e+308 -1.7e+308 -1.7e+308 -1.7e+308 -1.7e+308 -1.7e+308 -1.7e+308 -1.7e+308 -1.7e+308 -1.7e+308 -1.7e+308 -1.7e+308 -1.7e+308 -1.7e+308 -1.7e+308 -1.7e+308 -1.7e+308 -1.7e+308 -1.7e+308 -1.7e+308 -1.7e+308 -1.7e+308 -1.7e+308 -1.7e+308 -1.7e+308 -1.7e+308 -1.7e+308 -1.7e+308 -1.7e+308 -1.7e+308 -1.7e+308
21 21 22 22 21 21 21 21 21 21 21 21 20 19 19 19 19 20 20 21 22 23 23 24 25 25 26 26 27 29 30 31 32 34 35 37 38 40 40 40 -1.7e+308 -1.7e+308 -1.7e+308 -1.7e+308 -1.7e+308 -1.7e+308 -1.7e+308 -1.7e+308 -1.7e+308 -1.7e+308 -1.7e+308 -1.7e+308 -1.7e+308 -1.7e+308 -1.7e+308 -1.7e+308 -1.7e+308 -1.7e+308 -1.7e+308 -1.7e+308 -1.7e+308 -1.7e+308 -1.7e+308 -1.7e+308 -1.7e+308 -1.7e+308 -1.7e+308 -1.7e+308 -1.7e+308 -1.7e+308 -1.7e+308 -1.7e+308 -1.7e+308
21 22 22 23 23 22 22 22 22 22 21 21 21 21 21 20 20 21 22 23 24 24 24 25 26 27 27 28 29 29 31 32 33 34 36 37 38 40 -1.7e+308 -1.7e+308 -1.7e+308 -1.7e+308 -1.7e+308 -1.7e+308 -1.7e+308 -1.7e+308 -1.7e+308 -1.7e+308 -1.7e+308 -1.7e+308 -1.7e+308 -1.7e+308 -1.7e+308 -1.7e+308 -1.7e+308 -1.7e+308 -1.7e+308 -1.7e+308 -1.7e+308 -1.7e+308 -1.7e+308 -1.7e+308 -1.7e+308 -1.7e+308 -1.7e+308 -1.7e+308 -1.7e+308 -1.7e+308 -1.7e+308 -1.7e+308 -1.7e+308 -1.7e+308 -1.7e+308
23 23 23 24 24 24 23 23 23 23 23 23 22 22 22 22 22 23 23 24 25 26 26 26 27 27 28 29 29 30 31 32 34 35 36 38 -1.7e+308 -1.7e+308 -1.7e+308 -1.7e+308 -1.7e+308 -1.7e+308 -1.7e+308 -1.7e+308 -1.7e+308 -1.7e+308 -1.7e+308 -1.7e+308 -1.7e+308 -1.7e+308 -1.7e+308 -1.7e+308 -1.7e+308 -1.7e+308 -1.7e+308 -1.7e+308 -1.7e+308 -1.7e+308 -1.7e+308 -1.7e+308 -1.7e+308 -1.7e+308 -1.7e+308 -1.7e+308 -1.7e+308 -1.7e+308 -1.7e+308 -1.7e+308 -1.7e+308 -1.7e+308 -1.7e+308 -1.7e+308 -1.7e+308
