layers/bio6.asc
NCOLS 292 
NROWS 290 
XLLCORNER -87.625 
YLLCORNER 24.5 
CELLSIZE 0.0416666666666667 
NODATA_value -1.7e+308 
[rows 96 to 127 of 290, columns 72 to 143 of 292]
11 11 10 9 8 9 10 10 9 10 10 11 12 13 14 13 13 13 14 15 16 17 18 19 19 20 19 18 17 16 16 16 15 15 14 14 14 13 12 12 12 12 12 12 13 13 12 14 15 15 15 16 17 17 18 18 18 18 18 18 19 19 19 20 20 20 21 21 22 23 23 23
12 12 11 10 8 10 10 11 10 10 11 11 12 13 14 13 14 14 15 16 16 18 18 19 19 20 20 19 18 17 16 16 16 15 15 15 14 13 13 13 12 12 12 13 13 14 13 14 15 16 17 17 18 18 19 19 19 20 20 20 20 21 21 21 21 21 22 23 23 23 23 24
12 11 11 11 10 10 10 11 12 11 12 12 13 14 15 14 14 15 16 16 17 18 18 19 19 19 19 20 19 18 17 17 16 16 16 16 15 15 14 14 13 13 13 13 14 14 15 15 15 16 17 18 19 19 20 20 20 20 21 21 22 22 22 23 23 23 23 23 24 24 24 25
14 12 11 12 11 12 11 12 12 13 13 13 14 15 15 14 15 15 16 17 18 18 19 19 20 20 20 20 19 18 18 18 17 16 16 16 16 15 15 15 14 14 14 15 15 15 16 16 16 17 18 18 19 20 21 21 21 22 22 23 23 24 24 24 24 24 24 24 25 25 26 26
13 12 12 13 13 12 13 13 13 14 14 14 15 15 15 15 16 16 17 17 17 17 19 19 19 20 20 19 19 19 18 18 18 17 17 16 16 16 15 15 15 15 15 15 16 16 17 17 17 17 18 19 20 20 21 22 22 23 23 24 24 24 25 25 25 25 26 26 26 26 27 27
13 13 13 13 14 13 13 13 13 14 15 15 16 16 16 16 16 17 17 16 17 18 18 18 19 19 20 19 19 19 19 19 18 18 18 17 17 16 16 15 15 15 15 16 17 17 17 18 18 18 19 19 20 21 21 22 23 24 24 24 25 26 26 26 26 26 27 27 27 27 28 28
14 14 13 13 14 14 14 14 15 15 15 15 16 17 17 17 17 18 17 17 18 18 19 20 20 20 20 20 20 20 20 20 19 19 19 18 17 17 17 16 16 16 16 17 17 18 19 19 19 19 20 21 21 22 22 23 23 24 24 25 26 26 27 27 27 27 28 28 28 29 29 29
15 15 14 14 14 14 13 14 14 14 15 15 16 17 18 17 18 18 18 18 18 19 20 20 20 20 20 20 21 20 21 20 20 20 20 19 18 18 18 17 17 17 17 18 18 18 19 20 20 20 20 21 22 22 23 24 24 25 25 25 26 26 27 28 27 28 28 29 29 29 30 30
15 16 15 15 15 14 14 13 14 15 15 16 17 18 18 18 18 18 19 19 19 19 20 20 20 20 21 21 21 21 21 21 21 20 20 20 19 18 19 18 18 18 18 18 18 19 20 21 21 21 21 21 22 22 23 24 25 25 26 26 26 27 28 28 28 28 29 30 30 30 30 31
16 16 15 15 14 15 14 14 14 15 15 16 17 18 19 19 19 19 19 19 19 20 20 20 21 21 21 21 22 22 22 22 21 21 21 21 20 19 19 19 19 19 19 19 19 19 20 21 22 22 21 22 22 23 23 24 25 25 26 26 27 28 28 29 29 30 30 30 31 31 31 31
17 16 16 16 15 15 15 15 15 15 16 16 17 18 19 19 20 20 20 20 20 20 20 21 21 21 22 22 23 23 23 22 22 21 21 21 21 20 20 20 19 19 19 19 19 20 20 21 22 22 22 22 23 24 24 25 25 26 27 27 27 28 28 29 29 30 30 31 32 31 32 32
17 17 17 16 15 15 15 16 16 16 17 17 18 18 19 20 20 21 21 21 21 21 20 21 21 21 22 22 23 23 23 23 23 22 22 21 21 21 20 20 20 20 19 20 20 20 20 21 22 22 22 23 24 24 25 25 26 26 27 28 28 28 29 30 30 30 31 31 32 33 33 33
18 18 18 17 17 16 16 16 16 17 17 18 19 20 20 21 21 21 21 21 22 21 21 21 21 21 22 23 23 23 23 24 23 22 22 22 21 21 20 21 20 20 20 20 20 20 20 21 22 22 22 23 23 25 25 26 26 27 28 28 28 29 30 30 30 31 31 32 33 33 34 34
18 18 19 19 17 17 17 17 17 18 19 19 20 21 22 22 22 22 22 23 23 22 22 22 22 22 22 23 23 23 24 24 24 23 23 22 22 21 21 21 20 20 20 20 20 20 21 21 22 23 22 23 24 25 25 26 26 27 28 29 29 29 30 31 31 31 31 33 33 34 34 34
19 19 18 19 19 18 19 19 19 20 20 21 21 22 23 22 24 23 23 23 23 23 22 22 23 23 23 23 23 23 24 24 24 24 23 22 22 22 21 21 21 21 21 20 20 20 20 21 22 23 24 24 24 25 26 26 27 27 28 29 30 30 30 31 32 32 32 33 34 35 35 35
20 20 20 20 20 20 20 20 21 21 22 22 22 23 24 24 24 24 25 24 24 23 23 22 23 23 23 23 23 24 24 24 24 24 24 23 22 22 22 22 21 21 21 21 20 20 20 21 22 23 24 25 25 26 26 27 28 28 29 30 30 30 31 31 32 33 33 33 34 35 35 36
21 21 21 21 21 22 22 22 22 23 23 23 24 24 25 25 25 25 25 25 24 23 23 23 23 23 24 24 23 24 25 25 25 25 25 24 23 23 22 22 22 22 22 21 21 21 22 21 22 23 23 24 25 25 26 27 27 28 29 30 30 31 32 32 33 33 33 34 35 35 36 36
22 23 22 22 22 23 23 23 24 24 25 25 25 25 25 26 26 26 26 25 25 24 24 24 24 24 24 24 24 25 25 25 26 25 25 25 24 23 23 23 22 22 22 22 22 21 21 21 22 23 23 24 25 26 26 27 28 28 29 30 30 31 32 33 33 33 34 34 35 35 36 36
23 24 24 24 24 23 24 25 25 25 26 27 27 27 27 27 27 27 26 26 25 24 25 24 25 24 25 25 25 25 25 26 25 26 25 25 25 25 24 24 23 23 23 22 22 21 22 22 23 23 24 25 26 26 27 27 28 29 29 29 30 31 32 33 34 34 34 35 35 36 36 36
25 25 25 25 25 25 25 26 27 27 27 28 28 28 28 28 28 27 27 26 26 26 26 25 26 25 26 26 26 26 26 26 26 26 26 25 25 25 24 25 24 24 23 22 22 22 22 23 24 24 25 26 26 27 27 28 28 28 29 30 30 30 31 32 33 34 34 35 36 36 36 37
26 26 26 26 27 27 27 27 28 29 29 29 29 29 29 29 29 28 28 27 26 26 26 26 26 27 27 27 27 26 26 26 26 26 25 26 25 25 24 24 24 23 23 23 23 23 23 24 25 25 26 27 27 27 28 28 28 29 29 30 30 31 31 32 33 34 35 35 36 36 37 37
27 27 27 27 27 28 28 28 29 30 31 31 31 30 30 30 30 29 29 28 28 27 27 27 27 27 27 28 28 28 27 27 27 26 26 26 25 25 24 24 24 23 23 23 24 24 24 25 26 26 27 27 28 28 29 29 29 29 30 30 31 31 32 32 33 34 35 35 36 37 37 37
28 28 28 28 29 29 30 30 30 31 32 32 32 32 32 31 31 30 30 29 29 28 28 28 28 28 28 29 29 29 28 28 28 27 27 27 26 25 25 24 25 24 24 24 24 25 25 26 27 27 28 28 29 29 30 30 30 30 30 31 31 31 32 33 33 33 34 36 36 37 37 38
29 29 29 29 30 30 31 31 31 32 33 34 34 33 33 32 31 31 30 30 29 29 30 30 29 30 30 30 30 29 29 29 29 28 28 27 27 26 26 25 25 25 25 24 25 25 26 27 28 28 29 30 30 30 30 31 31 31 31 31 31 32 32 32 33 34 35 36 36 37 38 38
29 29 30 30 31 31 31 32 33 33 34 34 34 34 33 33 32 31 30 30 30 30 30 31 31 31 31 31 31 30 30 30 29 29 29 28 27 27 27 26 26 25 25 25 26 26 27 28 28 29 30 31 31 31 31 31 31 31 31 32 32 32 32 33 33 34 35 35 36 37 38 39
30 30 31 31 32 32 32 33 33 34 34 34 34 34 34 33 33 31 31 31 31 32 32 32 32 32 32 32 32 32 31 31 30 30 30 29 28 28 27 27 26 26 26 26 27 27 28 29 30 30 31 32 32 32 32 32 32 32 32 32 33 33 33 33 34 34 35 36 36 37 38 39
31 31 31 32 32 33 33 33 33 34 35 35 34 34 34 33 32 32 32 32 32 32 33 33 33 33 33 33 32 32 32 32 31 30 30 30 30 29 28 28 28 27 26 27 28 28 29 30 30 31 32 32 33 33 32 32 32 33 33 33 34 34 33 34 34 34 35 36 37 38 39 40
32 32 32 33 33 33 33 34 34 34 34 35 35 34 34 33 33 32 33 33 33 33 33 34 34 34 34 34 33 33 33 32 32 32 31 31 30 30 29 29 29 28 28 28 29 29 30 30 31 32 32 33 33 33 33 33 33 33 33 33 34 34 34 34 35 35 36 36 37 39 39 40
32 32 33 33 33 34 34 34 35 35 35 35 35 35 34 33 33 33 33 34 34 34 34 34 34 35 35 34 34 34 34 33 33 33 33 32 31 31 30 30 30 29 29 29 30 30 31 31 32 33 33 34 34 34 34 34 34 34 34 34 34 35 35 35 35 36 37 37 38 39 40 41
33 33 33 33 34 34 35 35 35 35 35 35 35 35 35 34 34 34 34 34 34 35 34 35 35 35 36 35 35 35 35 35 34 33 34 33 33 32 31 31 31 30 30 30 31 31 32 32 33 33 34 34 35 35 35 35 34 35 34 34 35 35 35 36 36 36 37 38 39 40 41 42
33 33 34 34 34 35 35 35 36 36 36 35 35 35 35 34 34 34 34 35 34 35 36 36 36 36 36 36 36 36 35 35 35 35 34 34 33 33 32 32 32 31 31 31 31 32 33 33 33 34 35 35 35 35 35 35 35 35 35 35 35 35 36 36 37 37 38 39 40 41 42 43
34 34 34 34 35 35 35 36 36 36 36 36 35 34 35 35 35 35 35 35 35 35 36 36 37 36 37 36 37 36 37 36 36 36 35 35 34 34 33 33 32 32 32 32 32 33 33 33 34 35 35 36 36 36 36 35 35 35 36 36 36 36 36 37 37 38 39 40 41 42 43 44
