layers/bio6.asc
NCOLS 292 
NROWS 290 
XLLCORNER -87.625 
YLLCORNER 24.5 
CELLSIZE 0.0416666666666667 
NODATA_value -1.7e+308 
[rows 0 to 31 of 290, columns 144 to 215 of 292]
-68 -65 -63 -62 -62 -61 -60 -61 -61 -61 -60 -60 -61 -61 -60 -60 -61 -1.7e+308 -1.7e+308 -1.7e+308 -1.7e+308 -1.7e+308 -1.7e+308 -1.7e+308 -1.7e+308 -1.7e+308 -1.7e+308 -1.7e+308 -1.7e+308 -1.7e+308 -1.7e+308 -1.7e+308 -1.7e+308 -1.7e+308 -1.7e+308 -1.7e+308 -1.7e+308 -1.7e+308 -1.7e+308 -1.7e+308 -1.7e+308 -1.7e+308 -1.7e+308 -1.7e+308 -1.7e+308 -1.7e+308 -1.7e+308 -1.7e+308 -1.7e+308 -1.7e+308 -1.7e+308 -1.7e+308 -1.7e+308 -1.7e+308 -1.7e+308 -1.7e+308 -1.7e+308 -1.7e+308 -1.7e+308 -1.7e+308 -1.7e+308 -1.7e+308 -1.7e+308 -1.7e+308 -1.7e+308 -1.7e+308 -1.7e+308 -1.7e+308 -1.7e+308 -1.7e+308 -1.7e+308 -1.7e+308
-66 -64 -61 -62 -61 -60 -60 -61 -63 -61 -62 -64 -63 -61 -60 -61 -61 -50 -48 -48 -46 -44 -43 -42 -41 -42 -45 -44 -41 -40 -40 -39 -39 -39 -39 -39 -38 -37 -37 -36 -36 -36 -35 -33 -33 -32 -31 -31 -31 -32 -31 -32 -32 -31 -31 -31 -32 -32 -33 -33 -34 -34 -34 -33 -34 -35 -34 -35 -35 -35 -34 -34
-64 -62 -60 -62 -60 -61 -60 -61 -62 -65 -66 -63 -62 -61 -60 -60 -56 -50 -48 -46 -44 -43 -43 -41 -40 -41 -43 -41 -40 -39 -38 -38 -38 -38 -38 -37 -37 -37 -36 -35 -34 -34 -33 -31 -31 -30 -30 -31 -31 -30 -31 -31 -30 -30 -31 -31 -32 -31 -32 -32 -33 -33 -34 -33 -34 -34 -34 -35 -34 -34 -34 -34
-63 -65 -62 -64 -61 -60 -59 -61 -62 -63 -65 -64 -63 -61 -60 -58 -50 -48 -46 -45 -43 -42 -41 -41 -40 -40 -40 -39 -39 -38 -38 -37 -36 -36 -37 -35 -36 -35 -33 -33 -32 -32 -31 -30 -30 -30 -30 -30 -30 -30 -30 -30 -30 -30 -31 -31 -31 -31 -31 -32 -32 -33 -33 -34 -34 -34 -34 -35 -34 -33 -33 -33
-66 -68 -64 -63 -61 -60 -62 -62 -62 -62 -58 -54 -53 -51 -56 -58 -49 -47 -44 -44 -43 -42 -40 -41 -40 -38 -38 -38 -38 -38 -38 -38 -40 -37 -34 -33 -33 -32 -31 -30 -30 -29 -29 -29 -29 -29 -28 -29 -29 -29 -29 -30 -30 -30 -30 -30 -31 -31 -31 -32 -32 -33 -34 -34 -34 -33 -33 -34 -33 -33 -33 -33
-66 -67 -63 -62 -60 -60 -59 -58 -57 -55 -52 -50 -48 -48 -48 -47 -46 -45 -44 -43 -42 -41 -40 -39 -39 -37 -36 -38 -36 -36 -36 -35 -35 -34 -33 -32 -31 -30 -29 -29 -29 -28 -28 -28 -28 -28 -28 -28 -28 -28 -29 -29 -29 -29 -30 -30 -30 -31 -31 -31 -32 -32 -33 -33 -33 -33 -33 -32 -32 -31 -31 -31
-62 -62 -60 -60 -60 -60 -57 -51 -50 -50 -50 -49 -47 -46 -46 -46 -45 -44 -43 -41 -40 -40 -39 -38 -37 -36 -35 -35 -34 -33 -34 -33 -32 -32 -30 -29 -28 -28 -28 -29 -29 -28 -28 -28 -27 -27 -27 -27 -28 -28 -28 -29 -29 -30 -30 -30 -30 -30 -31 -31 -32 -32 -32 -32 -32 -31 -32 -31 -31 -30 -30 -30
-61 -60 -60 -61 -60 -57 -53 -47 -47 -50 -47 -47 -46 -45 -45 -45 -44 -42 -41 -40 -39 -38 -37 -36 -36 -35 -34 -33 -32 -33 -33 -31 -30 -28 -27 -27 -27 -28 -28 -28 -28 -27 -27 -27 -26 -26 -26 -27 -27 -28 -28 -28 -29 -29 -30 -30 -30 -30 -31 -31 -32 -32 -31 -31 -31 -31 -31 -31 -30 -29 -29 -29
-61 -58 -59 -58 -52 -51 -47 -48 -46 -45 -45 -45 -45 -45 -43 -42 -42 -40 -40 -39 -39 -38 -37 -36 -36 -35 -34 -33 -31 -31 -30 -29 -28 -27 -27 -26 -26 -26 -26 -27 -26 -26 -26 -26 -26 -26 -26 -26 -27 -27 -27 -28 -28 -28 -29 -30 -30 -30 -31 -31 -31 -31 -31 -31 -30 -30 -30 -29 -29 -29 -28 -27
-61 -52 -49 -50 -50 -46 -46 -44 -44 -45 -44 -45 -43 -42 -42 -41 -41 -41 -41 -40 -39 -38 -36 -36 -35 -33 -33 -32 -30 -30 -28 -27 -26 -26 -25 -25 -25 -25 -25 -26 -25 -25 -25 -25 -25 -25 -25 -26 -26 -26 -27 -27 -27 -28 -28 -29 -29 -30 -30 -31 -31 -31 -30 -30 -29 -29 -28 -28 -27 -27 -27 -26
-60 -54 -47 -44 -45 -44 -42 -41 -42 -42 -42 -42 -43 -43 -44 -44 -42 -41 -40 -39 -38 -37 -36 -34 -33 -32 -31 -30 -29 -28 -27 -26 -25 -24 -24 -24 -24 -24 -25 -24 -24 -24 -24 -24 -25 -25 -25 -25 -26 -26 -26 -26 -27 -27 -28 -28 -28 -29 -30 -30 -30 -29 -29 -29 -29 -28 -27 -26 -26 -25 -25 -25
-49 -47 -43 -45 -42 -41 -39 -40 -40 -42 -41 -44 -45 -44 -43 -43 -41 -40 -39 -38 -37 -35 -34 -34 -32 -31 -30 -29 -28 -27 -26 -25 -24 -23 -23 -23 -23 -23 -23 -23 -23 -23 -24 -24 -23 -24 -24 -25 -25 -26 -26 -26 -27 -27 -27 -27 -28 -29 -29 -29 -29 -29 -29 -29 -29 -27 -26 -25 -25 -24 -24 -24
-45 -46 -43 -42 -38 -38 -39 -41 -39 -41 -42 -46 -47 -45 -43 -40 -39 -38 -38 -37 -36 -35 -34 -33 -32 -31 -29 -28 -27 -26 -25 -24 -23 -22 -22 -22 -22 -22 -22 -22 -22 -23 -23 -23 -23 -24 -24 -24 -25 -25 -25 -26 -26 -26 -26 -27 -28 -28 -28 -28 -28 -29 -28 -28 -27 -25 -25 -24 -23 -23 -23 -23
-42 -41 -37 -37 -38 -37 -38 -41 -42 -42 -43 -42 -41 -41 -40 -39 -38 -37 -37 -36 -34 -35 -33 -32 -31 -30 -29 -28 -26 -26 -24 -23 -22 -22 -21 -21 -21 -21 -21 -21 -21 -22 -22 -22 -23 -23 -23 -24 -25 -25 -25 -26 -26 -26 -26 -27 -28 -28 -28 -28 -28 -27 -27 -27 -26 -25 -24 -23 -22 -21 -22 -22
-37 -36 -37 -38 -36 -38 -40 -40 -38 -38 -38 -39 -38 -38 -39 -38 -37 -36 -35 -35 -34 -33 -33 -32 -31 -29 -28 -28 -26 -25 -24 -23 -22 -22 -21 -21 -20 -20 -21 -21 -20 -21 -21 -22 -23 -23 -23 -24 -25 -25 -25 -26 -26 -26 -26 -26 -27 -26 -26 -27 -26 -26 -25 -24 -24 -23 -23 -22 -22 -21 -21 -21
-34 -33 -32 -33 -37 -37 -37 -36 -36 -35 -35 -36 -36 -36 -36 -35 -35 -35 -34 -34 -34 -33 -32 -31 -31 -29 -28 -27 -26 -25 -23 -23 -23 -22 -21 -20 -20 -20 -20 -20 -20 -20 -20 -21 -22 -23 -23 -24 -24 -25 -25 -26 -27 -27 -26 -25 -26 -25 -26 -25 -25 -25 -23 -23 -22 -22 -22 -21 -21 -21 -20 -20
-32 -31 -32 -35 -33 -33 -33 -33 -36 -33 -33 -34 -35 -34 -34 -34 -33 -34 -33 -33 -32 -32 -32 -30 -30 -29 -28 -27 -26 -24 -23 -23 -22 -22 -20 -20 -20 -20 -20 -19 -19 -20 -20 -21 -21 -22 -23 -24 -25 -25 -26 -26 -26 -26 -25 -25 -25 -25 -25 -24 -24 -23 -22 -21 -21 -20 -20 -19 -19 -20 -20 -20
-30 -31 -31 -31 -31 -31 -30 -30 -31 -32 -31 -32 -33 -33 -33 -33 -33 -33 -33 -32 -32 -31 -31 -30 -29 -29 -28 -26 -25 -24 -23 -23 -22 -21 -20 -20 -20 -20 -19 -18 -19 -19 -20 -20 -21 -22 -23 -23 -24 -26 -26 -26 -26 -26 -26 -26 -25 -24 -24 -24 -23 -23 -21 -20 -19 -19 -19 -18 -18 -18 -17 -18
-30 -29 -29 -29 -28 -28 -28 -28 -29 -29 -30 -30 -31 -31 -32 -32 -32 -32 -32 -32 -32 -31 -31 -30 -29 -28 -27 -26 -25 -24 -23 -22 -22 -21 -21 -20 -20 -19 -19 -18 -18 -18 -19 -20 -20 -22 -22 -23 -24 -26 -26 -26 -27 -27 -26 -25 -25 -24 -23 -23 -22 -21 -20 -19 -19 -19 -18 -17 -17 -17 -17 -16
-29 -28 -28 -27 -26 -26 -26 -27 -28 -28 -28 -29 -29 -29 -30 -31 -31 -31 -31 -31 -30 -30 -30 -30 -29 -28 -27 -26 -25 -24 -23 -22 -21 -20 -21 -21 -19 -18 -18 -17 -18 -18 -18 -19 -20 -21 -22 -22 -24 -25 -26 -27 -26 -26 -26 -25 -24 -24 -23 -22 -22 -20 -19 -18 -18 -18 -18 -17 -17 -17 -16 -15
-31 -30 -30 -27 -26 -25 -26 -26 -27 -27 -27 -27 -27 -28 -28 -29 -30 -30 -30 -30 -30 -30 -29 -30 -29 -28 -27 -26 -24 -23 -22 -21 -21 -21 -21 -20 -19 -19 -18 -17 -17 -17 -18 -19 -20 -20 -21 -22 -23 -25 -26 -27 -26 -26 -26 -24 -24 -23 -22 -21 -20 -19 -18 -18 -17 -17 -18 -17 -16 -16 -15 -15
-30 -29 -28 -26 -26 -24 -24 -24 -25 -26 -26 -26 -27 -27 -27 -27 -28 -28 -29 -29 -29 -29 -29 -28 -29 -28 -26 -25 -24 -23 -22 -21 -21 -20 -20 -20 -19 -19 -18 -17 -17 -17 -19 -20 -20 -20 -21 -21 -23 -24 -25 -27 -26 -25 -24 -23 -22 -22 -21 -20 -19 -18 -17 -17 -17 -16 -16 -16 -16 -15 -14 -14
-30 -28 -27 -25 -25 -24 -23 -23 -24 -24 -25 -26 -27 -26 -27 -26 -26 -27 -28 -28 -28 -28 -28 -28 -28 -27 -26 -25 -24 -23 -22 -21 -20 -20 -20 -19 -19 -18 -17 -17 -17 -18 -19 -19 -19 -20 -20 -21 -22 -23 -24 -25 -25 -24 -23 -22 -21 -21 -20 -19 -18 -17 -16 -17 -16 -16 -16 -16 -15 -15 -15 -14
-30 -27 -26 -25 -24 -24 -23 -22 -22 -23 -24 -25 -25 -25 -24 -25 -25 -26 -27 -27 -27 -27 -27 -28 -27 -26 -26 -25 -24 -23 -22 -21 -20 -20 -20 -19 -19 -18 -17 -16 -17 -19 -19 -19 -19 -19 -20 -20 -21 -22 -23 -23 -23 -22 -21 -21 -20 -19 -19 -18 -17 -16 -15 -16 -15 -15 -16 -16 -15 -15 -14 -14
-28 -26 -26 -25 -24 -24 -23 -22 -22 -22 -23 -24 -25 -24 -23 -23 -24 -24 -25 -26 -26 -26 -27 -27 -26 -26 -26 -25 -24 -23 -22 -21 -20 -19 -20 -19 -19 -19 -18 -16 -18 -19 -19 -19 -19 -19 -19 -20 -20 -21 -22 -22 -22 -21 -20 -19 -18 -17 -17 -17 -16 -15 -15 -15 -16 -16 -16 -15 -15 -14 -14 -13
-25 -24 -24 -24 -23 -22 -22 -21 -21 -21 -23 -22 -22 -22 -23 -22 -23 -23 -24 -24 -24 -25 -25 -25 -25 -25 -25 -24 -23 -22 -22 -22 -20 -20 -19 -19 -18 -19 -17 -17 -19 -19 -18 -18 -19 -18 -19 -19 -19 -20 -20 -20 -20 -19 -18 -18 -18 -17 -17 -16 -15 -15 -15 -14 -15 -15 -14 -14 -14 -14 -14 -13
-23 -23 -23 -23 -23 -22 -21 -21 -20 -21 -22 -21 -21 -21 -21 -21 -21 -22 -22 -22 -23 -23 -24 -24 -24 -24 -23 -23 -22 -22 -21 -21 -20 -20 -19 -18 -18 -18 -17 -17 -18 -18 -18 -18 -18 -18 -19 -18 -19 -18 -19 -19 -18 -17 -17 -18 -17 -17 -16 -16 -16 -16 -15 -14 -13 -14 -14 -14 -14 -14 -14 -14
-23 -22 -22 -22 -22 -21 -21 -20 -20 -20 -20 -20 -20 -20 -19 -20 -20 -20 -21 -21 -21 -21 -22 -22 -23 -22 -22 -22 -21 -20 -20 -20 -19 -19 -19 -19 -17 -18 -16 -17 -19 -17 -17 -17 -18 -18 -18 -18 -17 -18 -18 -18 -17 -17 -17 -17 -16 -17 -16 -16 -15 -15 -15 -14 -13 -13 -13 -13 -13 -13 -14 -13
-23 -22 -22 -22 -22 -21 -21 -20 -20 -19 -19 -19 -19 -18 -18 -18 -19 -19 -20 -20 -20 -20 -21 -21 -21 -21 -21 -21 -20 -20 -20 -20 -19 -18 -18 -18 -17 -17 -16 -18 -18 -17 -17 -17 -17 -17 -17 -17 -18 -18 -18 -17 -17 -16 -17 -16 -16 -16 -15 -14 -14 -13 -13 -13 -12 -13 -13 -12 -13 -13 -14 -13
-22 -21 -22 -21 -21 -21 -21 -20 -20 -19 -18 -18 -18 -17 -17 -17 -17 -18 -18 -19 -19 -19 -19 -19 -20 -20 -20 -20 -19 -19 -18 -19 -19 -17 -17 -18 -16 -15 -17 -18 -17 -17 -16 -17 -17 -17 -17 -17 -18 -18 -16 -16 -16 -17 -16 -16 -15 -15 -14 -13 -13 -12 -12 -11 -11 -11 -11 -12 -13 -13 -14 -14
-21 -21 -21 -21 -20 -20 -21 -19 -19 -18 -17 -17 -16 -16 -15 -15 -16 -17 -17 -18 -18 -18 -18 -18 -18 -19 -19 -18 -19 -19 -19 -17 -17 -16 -17 -16 -16 -15 -17 -17 -16 -16 -16 -16 -17 -18 -18 -18 -17 -17 -16 -17 -16 -16 -15 -15 -14 -14 -13 -13 -11 -11 -11 -11 -10 -10 -11 -11 -12 -12 -13 -13
-21 -21 -21 -21 -20 -20 -21 -20 -19 -18 -17 -16 -16 -15 -15 -14 -15 -15 -16 -16 -17 -18 -18 -17 -18 -18 -18 -17 -18 -18 -18 -16 -16 -16 -16 -15 -14 -15 -15 -15 -15 -15 -16 -16 -17 -17 -17 -17 -17 -17 -16 -16 -15 -14 -14 -13 -13 -12 -12 -12 -11 -10 -9 -9 -9 -9 -10 -10 -11 -11 -12 -12
