layers/bio6.asc
NCOLS 292 
NROWS 290 
XLLCORNER -87.6250000000025 
YLLCORNER 24.4999999999995 
CELLSIZE 0.0416666666666669 
NODATA_value -1.7e+308 
[rows 0 to 31 of 290, columns 219 to 291 of 292]
-1.7e+308 -1.7e+308 -1.7e+308 -1.7e+308 -1.7e+308 -1.7e+308 -1.7e+308 -1.7e+308 -1.7e+308 -1.7e+308 -1.7e+308 -1.7e+308 -1.7e+308 -1.7e+308 -1.7e+308 -1.7e+308 -1.7e+308 -1.7e+308 -1.7e+308 -1.7e+308 -1.7e+308 -1.7e+308 -1.7e+308 -1.7e+308 -1.7e+308 -1.7e+308 -1.7e+308 -1.7e+308 -1.7e+308 -1.7e+308 -1.7e+308 -1.7e+308 -1.7e+308 -1.7e+308 -1.7e+308 -1.7e+308 -1.7e+308 -1.7e+308 -1.7e+308 -1.7e+308 -1.7e+308 -1.7e+308 -1.7e+308 -1.7e+308 -1.7e+308 -1.7e+308 -1.7e+308 -1.7e+308 -1.7e+308 -1.7e+308 -1.7e+308 -1.7e+308 -1.7e+308 -1.7e+308 -1.7e+308 -1.7e+308 -1.7e+308 -1.7e+308 -1.7e+308 -1.7e+308 -1.7e+308 -1.7e+308 -1.7e+308 -1.7e+308 -1.7e+308 -1.7e+308 -1.7e+308 -1.7e+308 -1.7e+308 -1.7e+308 -1.7e+308 -1.7e+308 -1.7e+308
65501 65501 65501 65501 65501 65502 65503 65503 65503 65503 65504 65504 65505 65505 65506 65506 65506 65506 65506 65507 65508 65508 65508 65509 65509 65509 65509 65509 65509 65510 65511 65511 65512 65513 65513 65514 65514 65515 65516 65517 65517 65519 65520 65521 65522 65524 65525 65526 65528 65529 65530 65532 65533 65534 65535 0 0 1 1 1 2 3 3 -1.7e+308 -1.7e+308 -1.7e+308 -1.7e+308 -1.7e+308 -1.7e+308 -1.7e+308 -1.7e+308 -1.7e+308 -1.7e+308
65502 65501 65502 65502 65501 65503 65503 65503 65504 65504 65505 65506 65506 65506 65506 65506 65507 65508 65508 65509 65509 65509 65510 65509 65509 65509 65509 65510 65510 65510 65511 65512 65513 65513 65514 65515 65515 65516 65516 65518 65518 65520 65521 65522 65523 65525 65526 65527 65528 65530 65531 65532 65533 65534 65535 0 0 1 2 2 3 3 4 4 -1.7e+308 -1.7e+308 -1.7e+308 -1.7e+308 -1.7e+308 -1.7e+308 -1.7e+308 -1.7e+308 -1.7e+308
65502 65502 65503 65503 65502 65503 65503 65503 65504 65504 65505 65506 65506 65506 65506 65507 65508 65508 65508 65509 65510 65511 65511 65511 65510 65510 65510 65510 65511 65511 65511 65512 65513 65513 65514 65515 65516 65517 65517 65519 65519 65521 65521 65523 65524 65525 65526 65527 65529 65530 65531 65533 65533 65534 65535 0 0 1 1 2 3 4 4 4 -1.7e+308 -1.7e+308 -1.7e+308 -1.7e+308 -1.7e+308 -1.7e+308 -1.7e+308 -1.7e+308 -1.7e+308
65503 65503 65503 65503 65503 65504 65505 65505 65505 65506 65507 65508 65508 65508 65508 65508 65508 65509 65510 65511 65511 65512 65512 65512 65511 65511 65511 65511 65512 65512 65512 65512 65513 65514 65514 65515 65517 65517 65518 65519 65520 65521 65522 65523 65525 65526 65527 65528 65529 65531 65532 65533 65534 65535 65535 0 1 1 2 2 4 4 55537 6 -1.7e+308 -1.7e+308 -1.7e+308 -1.7e+308 -1.7e+308 -1.7e+308 -1.7e+308 -1.7e+308 -1.7e+308
65503 65504 65503 65503 65503 65504 65505 65506 65507 65507 65508 65508 65509 65510 65510 65510 65509 65510 65511 65512 65512 65512 65513 65513 65512 65512 65512 65512 65512 65513 65513 65513 65514 65515 65516 65516 65517 65518 65519 65520 65521 65522 65523 65524 65525 65527 65527 65529 65530 65531 65532 65533 65534 65535 0 0 1 2 2 3 3 5 5 55537 -1.7e+308 -1.7e+308 -1.7e+308 -1.7e+308 -1.7e+308 -1.7e+308 -1.7e+308 -1.7e+308 -1.7e+308
65505 65505 65504 65505 65505 65505 65506 65507 65507 65508 65510 65510 65511 65511 65511 65511 65511 65511 65512 65513 65513 65513 65513 65513 65513 65513 65513 65513 65513 65513 65514 65514 65514 65515 65516 65517 65517 65519 65520 65520 65521 65522 65524 65525 65526 65527 65528 65530 65531 65532 65532 65534 65535 0 0 0 1 2 3 4 4 4 5 6 6 -1.7e+308 -1.7e+308 -1.7e+308 -1.7e+308 -1.7e+308 -1.7e+308 -1.7e+308 -1.7e+308
65506 65506 65505 65505 65506 65507 65507 65508 65509 65509 65510 65511 65511 65512 65512 65512 65512 65512 65513 65513 65514 65514 65514 65514 65514 65514 65514 65514 65514 65514 65514 65515 65515 65515 65517 65517 65518 65519 65520 65521 65522 65523 65524 65526 65527 65528 65529 65530 65531 65532 65533 65534 65535 0 0 1 3 2 3 4 5 5 6 6 7 -1.7e+308 -1.7e+308 -1.7e+308 -1.7e+308 -1.7e+308 -1.7e+308 -1.7e+308 -1.7e+308
65508 65507 65506 65507 65506 65508 65508 65508 65510 65510 65511 65512 65512 65512 65513 65513 65513 65514 65514 65514 65515 65514 65514 65514 65515 65514 65514 65514 65514 65514 65515 65515 65515 65516 65517 65518 65519 65519 65521 65522 65523 65524 65526 65526 65528 65528 65530 65531 65532 65533 65534 65535 65535 0 1 1 3 3 4 4 5 6 6 7 7 8 -1.7e+308 -1.7e+308 -1.7e+308 -1.7e+308 -1.7e+308 -1.7e+308 -1.7e+308
65509 65509 65508 65508 65508 65508 65509 65509 65510 65511 65511 65512 65513 65513 65513 65513 65514 65514 65515 65515 65515 65515 65515 65515 65515 65515 65515 65515 65515 65515 65515 65516 65516 65516 65517 65518 65519 65520 65521 65522 65523 65525 65526 65527 65528 65530 65530 65531 65532 65533 65534 65535 0 0 1 2 3 3 4 5 5 6 6 7 8 8 -1.7e+308 -1.7e+308 -1.7e+308 -1.7e+308 -1.7e+308 -1.7e+308 -1.7e+308
65510 65509 65510 65510 65509 65509 65509 65510 65511 65511 65512 65513 65513 65514 65514 65514 65515 65515 65516 65516 65516 65516 65516 65516 65516 65515 65515 65516 65516 65516 65516 65516 65517 65517 65518 65519 65520 65521 65522 65523 65524 65525 65527 65528 65529 65530 65531 65531 65533 65534 65534 65535 0 0 1 2 2 4 4 55537 55537 55537 55537 7 8 55537 -1.7e+308 -1.7e+308 -1.7e+308 -1.7e+308 -1.7e+308 -1.7e+308 -1.7e+308
65510 65510 65510 65510 65510 65511 65510 65511 65511 65512 65513 65514 65514 65515 65515 65515 65516 65516 65516 65516 65517 65517 65517 65517 65516 65516 65516 65516 65517 65517 65516 65517 65517 65518 65519 65519 65521 65522 65522 65524 65525 65526 65527 65529 65530 65531 65532 65532 65533 65534 65535 65535 0 1 1 2 55537 55537 55537 55537 55537 55537 55537 8 9 55537 10 -1.7e+308 -1.7e+308 -1.7e+308 -1.7e+308 -1.7e+308 -1.7e+308
65511 65512 65511 65511 65512 65512 65512 65512 65513 65513 65513 65514 65514 65515 65516 65516 65517 65517 65517 65518 65517 65517 65518 65517 65517 65517 65517 65517 65517 65517 65518 65518 65518 65519 65520 65520 65521 65523 65523 65524 65526 65527 65528 65530 65531 65532 65532 65533 65533 65534 65535 55537 55537 55537 55537 55537 55537 55537 55537 55537 55537 55537 55537 55537 10 55537 11 11 -1.7e+308 -1.7e+308 -1.7e+308 -1.7e+308 -1.7e+308
65512 65512 65512 65512 65513 65513 65513 65514 65514 65514 65514 65515 65516 65516 65516 65517 65517 65518 65518 65518 65518 65518 65518 65518 65518 65518 65518 65518 65518 65518 65518 65519 65519 65520 65521 65521 65522 65523 65524 65525 65526 65527 65528 65529 65531 65532 65533 65533 65534 65534 55537 55537 55537 55537 55537 55537 55537 55537 55537 55537 55537 55537 55537 55537 55537 55537 11 12 -1.7e+308 -1.7e+308 -1.7e+308 -1.7e+308 -1.7e+308
65514 65513 65513 65513 65514 65514 65515 65515 65515 65515 65515 65516 65516 65517 65517 65518 65518 65519 65519 65519 65519 65519 65519 65519 65519 65519 65519 65519 65519 65519 65519 65520 65520 65521 65521 65522 65523 65524 65525 65526 65526 65528 65529 65530 55537 55537 55537 55537 65535 65535 65535 55537 1 1 2 2 3 4 5 6 55537 8 9 10 11 55537 55537 13 13 -1.7e+308 -1.7e+308 -1.7e+308 -1.7e+308
65515 65515 65515 65514 65515 65516 65516 65516 65516 65516 65516 65517 65517 65517 65518 65519 65519 65519 65519 65520 65520 65520 65520 65520 65520 65519 65519 65519 65519 65520 65520 65520 65521 65522 65522 65523 65524 65524 65526 65526 65527 65528 65529 65530 65531 65532 65533 65534 65534 65535 0 0 1 1 2 3 4 5 6 7 55537 9 10 10 11 12 13 13 14 -1.7e+308 -1.7e+308 -1.7e+308 -1.7e+308
65516 65516 65516 65516 65516 65516 65516 65516 65517 65517 65517 65518 65519 65519 65519 65520 65520 65520 65520 65520 65520 65521 65521 65521 65521 65521 65520 65520 65520 65521 65521 65522 65522 65523 65523 65524 65524 65525 65526 65527 65528 65528 65529 65530 65531 65532 65533 65534 65534 0 0 0 0 1 2 3 4 5 6 7 9 9 10 11 12 12 55537 14 15 16 -1.7e+308 -1.7e+308 -1.7e+308
65518 65517 65517 65518 65517 65517 65517 65518 65518 65518 65519 65519 65519 65520 65520 65520 65520 65521 65521 65521 65522 65521 65522 65521 65521 65521 65521 65521 65521 65522 65522 65523 65523 65523 65524 65525 65525 65527 65527 65528 65528 65529 65529 65530 65532 65532 65533 65534 65535 0 0 0 1 2 3 4 4 6 6 55537 9 10 11 11 12 13 15 55537 16 16 -1.7e+308 -1.7e+308 -1.7e+308
65519 65519 65518 65519 65518 65519 65519 65519 65519 65519 65520 65520 65521 65521 65521 65521 65522 65522 65522 65522 65522 65522 65522 65522 65522 65522 65523 65522 65523 65523 65523 65524 65524 65524 65525 65525 65526 65527 65528 65528 65528 65529 65530 65530 65532 65532 65533 65535 65535 0 0 1 2 2 3 5 5 6 7 55537 9 10 11 12 13 14 14 55537 16 17 18 -1.7e+308 -1.7e+308
65521 65520 65520 65519 65520 65520 65520 65521 65521 65520 65521 65521 65522 65522 65522 65522 65522 65523 65523 65523 65523 65523 65523 65524 65524 65523 65523 65523 65523 65524 65524 65524 65525 65525 65525 65526 65527 65528 65528 65528 65529 65529 65531 65532 65532 65533 65534 65535 65535 0 0 1 2 3 4 5 6 7 8 55537 10 11 12 13 14 14 16 55537 55537 55537 55537 20 -1.7e+308
65522 65522 65521 65521 65521 65521 65521 65522 65521 65521 65522 65522 65523 65523 65523 65523 65523 65523 65523 65523 65524 65524 65524 65524 65524 65524 65524 65524 65524 65525 65525 65525 65526 65526 65526 65527 65528 65528 65528 65529 65530 65531 65532 65532 65533 65533 65535 65535 0 0 1 1 3 3 4 5 6 7 8 55537 11 11 12 13 14 15 16 55537 55537 55537 55537 20 -1.7e+308
65522 65523 65522 65522 65522 65522 65522 65522 65523 65523 65523 65524 65524 65524 65524 65524 65524 65524 65524 65524 65524 65524 65524 65524 65525 65525 65525 65525 65525 65526 65526 65526 65526 65527 65527 65528 65528 65529 65529 65530 65531 65532 65532 65533 65533 65534 65535 0 0 1 1 2 3 4 5 6 7 8 9 10 11 12 13 14 15 16 17 55537 55537 55537 55537 22 -1.7e+308
65522 65523 65523 65523 65523 65523 65524 65524 65524 65524 65525 65525 65525 65525 65525 65525 65525 65525 65525 65525 65525 65525 65525 65525 65525 65526 65526 65526 65526 65526 65527 65527 65527 65528 65529 65529 65529 65529 65530 65531 65531 65532 65533 65533 65534 65535 65535 0 0 1 2 3 4 5 6 7 8 9 10 11 12 13 14 15 16 17 18 55537 55537 55537 55537 55537 23
65523 65523 65523 65524 65524 65525 65525 65525 65525 65525 65526 65526 65526 65527 65527 65527 65527 65526 65526 65526 65526 65526 65526 65526 65526 65526 65526 65526 65527 65527 65528 65528 65529 65529 65530 65530 65530 65530 65531 65532 65533 65533 65533 65534 65535 65535 0 0 1 2 2 4 4 5 6 7 8 9 11 11 13 14 15 16 17 18 18 55537 55537 55537 55537 55537 24
65524 65524 65525 65525 65525 65526 65526 65526 65526 65526 65527 65527 65527 65527 65527 65527 65528 65528 65527 65527 65527 65527 65526 65527 65526 65527 65527 65527 65527 65528 65528 65529 65529 65530 65531 65531 65531 65532 65532 65533 65533 65534 65535 65535 65535 0 0 1 2 2 3 4 5 6 7 8 9 10 11 12 13 15 15 55537 18 18 55537 55537 55537 55537 55537 55537 26
65524 65525 65525 65526 65526 65526 65527 65527 65527 65528 65528 65529 65529 65529 65529 65529 65528 65529 65528 65528 65527 65527 65527 65527 65527 65527 65528 65528 65528 65529 65529 65530 65531 65531 65532 65532 65533 65533 65533 65534 65534 65535 65535 0 0 0 1 1 2 3 4 5 5 6 8 8 10 11 12 13 14 15 55537 55537 55537 55537 55537 55537 55537 55537 55537 55537 26
65525 65525 65526 65526 65527 65527 65528 65528 65529 65529 65529 65530 65530 65530 65530 65530 65530 65529 65529 65529 65529 65528 65528 65528 65528 65528 65529 65529 65529 65530 65530 65531 65531 65532 65532 65533 65534 65534 65534 65535 0 0 0 0 1 1 2 2 4 4 5 5 7 7 8 9 10 11 12 14 15 55537 55537 55537 55537 55537 55537 55537 55537 55537 55537 55537 27
65525 65525 65526 65527 65528 65528 65528 65529 65530 65530 65531 65532 65532 65531 65531 65531 65531 65530 65530 65529 65530 65529 65529 65529 65529 65529 65529 65530 65530 65531 65531 65532 65532 65533 65533 65534 65535 65535 65535 0 0 0 0 1 2 2 2 4 4 5 6 6 7 8 9 9 11 12 13 14 55537 55537 55537 55537 55537 55537 55537 55537 55537 55537 55537 55537 -1.7e+308
65525 65526 65527 65527 65528 65529 65529 65530 65531 65531 65532 65533 65533 65533 65533 65532 65531 65531 65530 65530 65530 65529 65529 65530 65530 65530 65530 65531 65532 65532 65533 65533 65533 65534 65535 65535 0 0 0 0 1 1 1 55537 2 3 3 4 5 5 6 7 8 9 10 11 11 13 14 55537 55537 55537 55537 55537 55537 55537 55537 55537 55537 55537 55537 55537 -1.7e+308
65525 65526 65527 65528 65529 65529 65530 65531 65532 65532 65533 65534 65535 65534 65533 65533 65532 65532 65531 65530 65530 65530 65530 65530 65531 65531 65532 65532 65532 65533 65534 65534 65535 65535 0 0 0 1 1 1 2 2 3 3 4 5 55537 55537 55537 55537 8 8 9 10 11 11 13 13 55537 55537 55537 55537 55537 55537 55537 55537 55537 55537 55537 55537 55537 30 -1.7e+308
65526 65526 65527 65528 65528 65529 65529 65531 65532 65533 65533 65534 0 0 65534 65534 65533 65533 65532 65531 65531 65531 65531 65531 65532 65532 65532 65533 65534 65534 65535 65535 65535 0 0 0 1 1 2 2 3 3 4 4 5 6 6 7 8 55537 55537 55537 55537 11 55537 55537 13 55537 55537 55537 55537 55537 55537 55537 55537 55537 55537 55537 55537 55537 55537 31 -1.7e+308
65526 65527 65527 65528 65529 65529 65530 65531 65532 65533 65533 65533 65534 65535 65535 65535 65534 65534 65533 65533 65532 65532 65532 65532 65532 65533 65533 65534 65535 0 0 0 0 1 1 1 2 3 3 3 4 5 5 6 6 6 7 8 8 55537 55537 55537 55537 55537 55537 55537 55537 55537 55537 55537 55537 55537 55537 55537 55537 55537 55537 55537 55537 31 31 -1.7e+308 -1.7e+308
