layers/bio6.asc
NCOLS 292 
NROWS 290 
XLLCORNER -87.625 
YLLCORNER 24.5 
CELLSIZE 0.0416666666666667 
NODATA_value -1.7e+308 
[rows 0 to 31 of 290, columns 216 to 287 of 292]
-1.7e+308 -1.7e+308 -1.7e+308 -1.7e+308 -1.7e+308 -1.7e+308 -1.7e+308 -1.7e+308 -1.7e+308 -1.7e+308 -1.7e+308 -1.7e+308 -1.7e+308 -1.7e+308 -1.7e+308 -1.7e+308 -1.7e+308 -1.7e+308 -1.7e+308 -1.7e+308 -1.7e+308 -1.7e+308 -1.7e+308 -1.7e+308 -1.7e+308 -1.7e+308 -1.7e+308 -1.7e+308 -1.7e+308 -1.7e+308 -1.7e+308 -1.7e+308 -1.7e+308 -1.7e+308 -1.7e+308 -1.7e+308 -1.7e+308 -1.7e+308 -1.7e+308 -1.7e+308 -1.7e+308 -1.7e+308 -1.7e+308 -1.7e+308 -1.7e+308 -1.7e+308 -1.7e+308 -1.7e+308 -1.7e+308 -1.7e+308 -1.7e+308 -1.7e+308 -1.7e+308 -1.7e+308 -1.7e+308 -1.7e+308 -1.7e+308 -1.7e+308 -1.7e+308 -1.7e+308 -1.7e+308 -1.7e+308 -1.7e+308 -1.7e+308 -1.7e+308 -1.7e+308 -1.7e+308 -1.7e+308 -1.7e+308 -1.7e+308 -1.7e+308 -1.7e+308
-34 -35 -35 -35 -35 -35 -35 -35 -34 -33 -33 -33 -33 -32 -32 -31 -31 -30 -30 -30 -30 -30 -29 -28 -28 -28 -27 -27 -27 -27 -27 -27 -26 -25 -25 -24 -23 -23 -22 -22 -21 -20 -19 -19 -17 -16 -15 -14 -12 -11 -10 -8 -7 -6 -4 -3 -2 -1 0 0 1 1 1 2 3 3 -1.7e+308 -1.7e+308 -1.7e+308 -1.7e+308 -1.7e+308 -1.7e+308
-34 -34 -34 -34 -35 -34 -34 -35 -33 -33 -33 -32 -32 -31 -30 -30 -30 -30 -30 -29 -28 -28 -27 -27 -27 -26 -27 -27 -27 -27 -26 -26 -26 -25 -24 -23 -23 -22 -21 -21 -20 -20 -18 -18 -16 -15 -14 -13 -11 -10 -9 -8 -6 -5 -4 -3 -2 -1 0 0 1 2 2 3 3 4 4 -1.7e+308 -1.7e+308 -1.7e+308 -1.7e+308 -1.7e+308
-33 -33 -34 -34 -34 -33 -33 -34 -33 -33 -33 -32 -32 -31 -30 -30 -30 -30 -29 -28 -28 -28 -27 -26 -25 -25 -25 -26 -26 -26 -26 -25 -25 -25 -24 -23 -23 -22 -21 -20 -19 -19 -17 -17 -15 -15 -13 -12 -11 -10 -9 -7 -6 -5 -3 -3 -2 -1 0 0 1 1 2 3 4 4 4 -1.7e+308 -1.7e+308 -1.7e+308 -1.7e+308 -1.7e+308
-33 -33 -33 -33 -33 -33 -33 -33 -32 -31 -31 -31 -30 -29 -28 -28 -28 -28 -28 -28 -27 -26 -25 -25 -24 -24 -24 -25 -25 -25 -25 -24 -24 -24 -24 -23 -22 -22 -21 -19 -19 -18 -17 -16 -15 -14 -13 -11 -10 -9 -8 -7 -5 -4 -3 -2 -1 -1 0 1 1 2 2 4 4 -1.7e+308 6 -1.7e+308 -1.7e+308 -1.7e+308 -1.7e+308 -1.7e+308
-32 -32 -32 -33 -32 -33 -33 -33 -32 -31 -30 -29 -29 -28 -28 -27 -26 -26 -26 -27 -26 -25 -24 -24 -24 -23 -23 -24 -24 -24 -24 -24 -23 -23 -23 -22 -21 -20 -20 -19 -18 -17 -16 -15 -14 -13 -12 -11 -9 -9 -7 -6 -5 -4 -3 -2 -1 0 0 1 2 2 3 3 5 5 -1.7e+308 -1.7e+308 -1.7e+308 -1.7e+308 -1.7e+308 -1.7e+308
-30 -31 -31 -31 -31 -32 -31 -31 -31 -30 -29 -29 -28 -26 -26 -25 -25 -25 -25 -25 -25 -24 -23 -23 -23 -23 -23 -23 -23 -23 -23 -23 -23 -22 -22 -22 -21 -20 -19 -19 -17 -16 -16 -15 -14 -12 -11 -10 -9 -8 -6 -5 -4 -4 -2 -1 0 0 0 1 2 3 4 4 4 5 6 6 -1.7e+308 -1.7e+308 -1.7e+308 -1.7e+308
-28 -29 -29 -30 -30 -31 -31 -30 -29 -29 -28 -27 -27 -26 -25 -25 -24 -24 -24 -24 -24 -23 -23 -22 -22 -22 -22 -22 -22 -22 -22 -22 -22 -22 -21 -21 -21 -19 -19 -18 -17 -16 -15 -14 -13 -12 -10 -9 -8 -7 -6 -5 -4 -3 -2 -1 0 0 1 3 2 3 4 5 5 6 6 7 -1.7e+308 -1.7e+308 -1.7e+308 -1.7e+308
-27 -28 -28 -28 -29 -30 -29 -30 -28 -28 -28 -26 -26 -25 -24 -24 -24 -23 -23 -23 -22 -22 -22 -21 -22 -22 -22 -21 -22 -22 -22 -22 -22 -21 -21 -21 -20 -19 -18 -17 -17 -15 -14 -13 -12 -10 -10 -8 -8 -6 -5 -4 -3 -2 -1 -1 0 1 1 3 3 4 4 5 6 6 7 7 8 -1.7e+308 -1.7e+308 -1.7e+308
-26 -27 -27 -27 -27 -28 -28 -28 -28 -27 -27 -26 -25 -25 -24 -23 -23 -23 -23 -22 -22 -21 -21 -21 -21 -21 -21 -21 -21 -21 -21 -21 -21 -21 -20 -20 -20 -19 -18 -17 -16 -15 -14 -13 -11 -10 -9 -8 -6 -6 -5 -4 -3 -2 -1 0 0 1 2 3 3 4 5 5 6 6 7 8 8 -1.7e+308 -1.7e+308 -1.7e+308
-26 -26 -26 -26 -27 -26 -26 -27 -27 -27 -26 -25 -25 -24 -23 -23 -22 -22 -22 -21 -21 -20 -20 -20 -20 -20 -20 -20 -21 -21 -20 -20 -20 -20 -20 -19 -19 -18 -17 -16 -15 -14 -13 -12 -11 -9 -8 -7 -6 -5 -5 -3 -2 -2 -1 0 0 1 2 2 4 4 -1.7e+308 -1.7e+308 -1.7e+308 -1.7e+308 7 8 -1.7e+308 -1.7e+308 -1.7e+308 -1.7e+308
-25 -26 -26 -26 -26 -26 -26 -26 -25 -26 -25 -25 -24 -23 -22 -22 -21 -21 -21 -20 -20 -20 -20 -19 -19 -19 -19 -20 -20 -20 -20 -19 -19 -20 -19 -19 -18 -17 -17 -15 -14 -14 -12 -11 -10 -9 -7 -6 -5 -4 -4 -3 -2 -1 -1 0 1 1 2 -1.7e+308 -1.7e+308 -1.7e+308 -1.7e+308 -1.7e+308 -1.7e+308 -1.7e+308 8 9 -1.7e+308 10 -1.7e+308 -1.7e+308
-24 -25 -25 -25 -24 -25 -25 -24 -24 -24 -24 -23 -23 -23 -22 -22 -21 -20 -20 -19 -19 -19 -18 -19 -19 -18 -19 -19 -19 -19 -19 -19 -19 -18 -18 -18 -17 -16 -16 -15 -13 -13 -12 -10 -9 -8 -6 -5 -4 -4 -3 -3 -2 -1 -1.7e+308 -1.7e+308 -1.7e+308 -1.7e+308 -1.7e+308 -1.7e+308 -1.7e+308 -1.7e+308 -1.7e+308 -1.7e+308 -1.7e+308 -1.7e+308 -1.7e+308 10 -1.7e+308 11 11 -1.7e+308
-22 -24 -23 -24 -24 -24 -24 -23 -23 -23 -22 -22 -22 -22 -21 -20 -20 -20 -19 -19 -18 -18 -18 -18 -18 -18 -18 -18 -18 -18 -18 -18 -18 -18 -17 -17 -16 -15 -15 -14 -13 -12 -11 -10 -9 -8 -7 -5 -4 -3 -3 -2 -2 -1.7e+308 -1.7e+308 -1.7e+308 -1.7e+308 -1.7e+308 -1.7e+308 -1.7e+308 -1.7e+308 -1.7e+308 -1.7e+308 -1.7e+308 -1.7e+308 -1.7e+308 -1.7e+308 -1.7e+308 -1.7e+308 11 12 -1.7e+308
-21 -22 -22 -22 -23 -23 -23 -22 -22 -21 -21 -21 -21 -21 -20 -20 -19 -19 -18 -18 -17 -17 -17 -17 -17 -17 -17 -17 -17 -17 -17 -17 -17 -17 -16 -16 -15 -15 -14 -13 -12 -11 -10 -10 -8 -7 -6 -1.7e+308 -1.7e+308 -1.7e+308 -1.7e+308 -1 -1 -1 -1.7e+308 1 1 2 2 3 4 5 6 -1.7e+308 8 9 10 11 -1.7e+308 -1.7e+308 13 13
-20 -20 -20 -21 -21 -21 -22 -21 -20 -20 -20 -20 -20 -20 -19 -19 -19 -18 -17 -17 -17 -17 -16 -16 -16 -16 -16 -16 -17 -17 -17 -17 -16 -16 -16 -15 -14 -14 -13 -12 -12 -10 -10 -9 -8 -7 -6 -5 -4 -3 -2 -2 -1 0 0 1 1 2 3 4 5 6 7 -1.7e+308 9 10 10 11 12 13 13 14
-19 -18 -19 -20 -20 -20 -20 -20 -20 -20 -20 -19 -19 -19 -18 -17 -17 -17 -16 -16 -16 -16 -16 -16 -15 -15 -15 -15 -15 -16 -16 -16 -15 -15 -14 -14 -13 -13 -12 -12 -11 -10 -9 -8 -8 -7 -6 -5 -4 -3 -2 -2 0 0 0 0 1 2 3 4 5 6 7 9 9 10 11 12 12 -1.7e+308 14 15
-18 -17 -17 -18 -19 -19 -18 -19 -19 -19 -18 -18 -18 -17 -17 -17 -16 -16 -16 -16 -15 -15 -15 -14 -15 -14 -15 -15 -15 -15 -15 -15 -14 -14 -13 -13 -13 -12 -11 -11 -9 -9 -8 -8 -7 -7 -6 -4 -4 -3 -2 -1 0 0 0 1 2 3 4 4 6 6 -1.7e+308 9 10 11 11 12 13 15 -1.7e+308 16
-16 -16 -16 -17 -17 -18 -17 -18 -17 -17 -17 -17 -17 -16 -16 -15 -15 -15 -15 -14 -14 -14 -14 -14 -14 -14 -14 -14 -14 -13 -14 -13 -13 -13 -12 -12 -12 -11 -11 -10 -9 -8 -8 -8 -7 -6 -6 -4 -4 -3 -1 -1 0 0 1 2 2 3 5 5 6 7 -1.7e+308 9 10 11 12 13 14 14 -1.7e+308 16
-15 -15 -15 -15 -16 -16 -17 -16 -16 -16 -15 -15 -16 -15 -15 -14 -14 -14 -14 -14 -13 -13 -13 -13 -13 -13 -12 -12 -13 -13 -13 -13 -12 -12 -12 -11 -11 -11 -10 -9 -8 -8 -8 -7 -7 -5 -4 -4 -3 -2 -1 -1 0 0 1 2 3 4 5 6 7 8 -1.7e+308 10 11 12 13 14 14 16 -1.7e+308 -1.7e+308
-15 -15 -14 -14 -14 -15 -15 -15 -15 -15 -14 -15 -15 -14 -14 -13 -13 -13 -13 -13 -13 -13 -13 -12 -12 -12 -12 -12 -12 -12 -12 -12 -11 -11 -11 -10 -10 -10 -9 -8 -8 -8 -7 -6 -5 -4 -4 -3 -3 -1 -1 0 0 1 1 3 3 4 5 6 7 8 -1.7e+308 11 11 12 13 14 15 16 -1.7e+308 -1.7e+308
-14 -15 -15 -14 -13 -14 -14 -14 -14 -14 -14 -13 -13 -13 -12 -12 -12 -12 -12 -12 -12 -12 -12 -12 -12 -12 -12 -11 -11 -11 -11 -11 -10 -10 -10 -10 -9 -9 -8 -8 -7 -7 -6 -5 -4 -4 -3 -3 -2 -1 0 0 1 1 2 3 4 5 6 7 8 9 10 11 12 13 14 15 16 17 -1.7e+308 -1.7e+308
-14 -14 -14 -14 -13 -13 -13 -13 -13 -12 -12 -12 -12 -11 -11 -11 -11 -11 -11 -11 -11 -11 -11 -11 -11 -11 -11 -11 -10 -10 -10 -10 -10 -9 -9 -9 -8 -7 -7 -7 -7 -6 -5 -5 -4 -3 -3 -2 -1 -1 0 0 1 2 3 4 5 6 7 8 9 10 11 12 13 14 15 16 17 18 -1.7e+308 -1.7e+308
-14 -13 -13 -13 -13 -13 -12 -12 -11 -11 -11 -11 -11 -10 -10 -10 -9 -9 -9 -9 -10 -10 -10 -10 -10 -10 -10 -10 -10 -10 -10 -9 -9 -8 -8 -7 -7 -6 -6 -6 -6 -5 -4 -3 -3 -3 -2 -1 -1 0 0 1 2 2 4 4 5 6 7 8 9 11 11 13 14 15 16 17 18 18 -1.7e+308 -1.7e+308
-13 -13 -12 -12 -12 -11 -11 -11 -10 -10 -10 -10 -10 -9 -9 -9 -9 -9 -9 -8 -8 -9 -9 -9 -9 -10 -9 -10 -9 -9 -9 -9 -8 -8 -7 -7 -6 -5 -5 -5 -4 -4 -3 -3 -2 -1 -1 -1 0 0 1 2 2 3 4 5 6 7 8 9 10 11 12 13 15 15 -1.7e+308 18 18 -1.7e+308 -1.7e+308 -1.7e+308
-13 -13 -12 -12 -11 -11 -10 -10 -10 -9 -9 -9 -8 -8 -7 -7 -7 -7 -7 -8 -7 -8 -8 -9 -9 -9 -9 -9 -9 -8 -8 -8 -7 -7 -6 -5 -5 -4 -4 -3 -3 -3 -2 -2 -1 -1 0 0 0 1 1 2 3 4 5 5 6 8 8 10 11 12 13 14 15 -1.7e+308 -1.7e+308 -1.7e+308 -1.7e+308 -1.7e+308 -1.7e+308 -1.7e+308
-13 -12 -12 -11 -11 -10 -10 -9 -9 -8 -8 -7 -7 -7 -6 -6 -6 -6 -6 -6 -7 -7 -7 -7 -8 -8 -8 -8 -8 -7 -7 -7 -6 -6 -5 -5 -4 -4 -3 -2 -2 -2 -1 0 0 0 0 1 1 2 2 4 4 5 5 7 7 8 9 10 11 12 14 15 -1.7e+308 -1.7e+308 -1.7e+308 -1.7e+308 -1.7e+308 -1.7e+308 -1.7e+308 -1.7e+308
-14 -13 -12 -11 -11 -10 -9 -8 -8 -8 -7 -6 -6 -5 -4 -4 -5 -5 -5 -5 -6 -6 -7 -6 -7 -7 -7 -7 -7 -7 -6 -6 -5 -5 -4 -4 -3 -3 -2 -1 -1 -1 0 0 0 0 1 2 2 2 4 4 5 6 6 7 8 9 9 11 12 13 14 -1.7e+308 -1.7e+308 -1.7e+308 -1.7e+308 -1.7e+308 -1.7e+308 -1.7e+308 -1.7e+308 -1.7e+308
-13 -13 -12 -11 -10 -9 -9 -8 -7 -7 -6 -5 -5 -4 -3 -3 -3 -3 -4 -5 -5 -6 -6 -6 -7 -7 -6 -6 -6 -6 -5 -4 -4 -3 -3 -3 -2 -1 -1 0 0 0 0 1 1 1 -1.7e+308 2 3 3 4 5 5 6 7 8 9 10 11 11 13 14 -1.7e+308 -1.7e+308 -1.7e+308 -1.7e+308 -1.7e+308 -1.7e+308 -1.7e+308 -1.7e+308 -1.7e+308 -1.7e+308
-13 -12 -12 -11 -10 -9 -8 -7 -7 -6 -5 -4 -4 -3 -2 -1 -2 -3 -3 -4 -4 -5 -6 -6 -6 -6 -6 -5 -5 -4 -4 -4 -3 -2 -2 -1 -1 0 0 0 1 1 1 2 2 3 3 4 5 -1.7e+308 -1.7e+308 -1.7e+308 -1.7e+308 8 8 9 10 11 11 13 13 -1.7e+308 -1.7e+308 -1.7e+308 -1.7e+308 -1.7e+308 -1.7e+308 -1.7e+308 -1.7e+308 -1.7e+308 -1.7e+308 -1.7e+308
-13 -12 -11 -10 -10 -9 -8 -8 -7 -7 -5 -4 -3 -3 -2 0 0 -2 -2 -3 -3 -4 -5 -5 -5 -5 -5 -4 -4 -4 -3 -2 -2 -1 -1 -1 0 0 0 1 1 2 2 3 3 4 4 5 6 6 7 8 -1.7e+308 -1.7e+308 -1.7e+308 -1.7e+308 11 -1.7e+308 -1.7e+308 13 -1.7e+308 -1.7e+308 -1.7e+308 -1.7e+308 -1.7e+308 -1.7e+308 -1.7e+308 -1.7e+308 -1.7e+308 -1.7e+308 -1.7e+308 -1.7e+308
-12 -12 -11 -10 -9 -9 -8 -7 -7 -6 -5 -4 -3 -3 -3 -2 -1 -1 -1 -2 -2 -3 -3 -4 -4 -4 -4 -4 -3 -3 -2 -1 0 0 0 0 1 1 1 2 3 3 3 4 5 5 6 6 6 7 8 8 -1.7e+308 -1.7e+308 -1.7e+308 -1.7e+308 -1.7e+308 -1.7e+308 -1.7e+308 -1.7e+308 -1.7e+308 -1.7e+308 -1.7e+308 -1.7e+308 -1.7e+308 -1.7e+308 -1.7e+308 -1.7e+308 -1.7e+308 -1.7e+308 -1.7e+308 -1.7e+308
