layers/bio7.asc
NCOLS 292 
NROWS 290 
XLLCORNER -87.625 
YLLCORNER 24.5 
CELLSIZE 0.0416666666666667 
NODATA_value -1.7e+308 
[rows 0 to 30 of 290, columns 140 to 209 of 292]
-1.7e+308 -1.7e+308 313 313 318 321 323 325 327 328 330 331 331 332 333 335 334 333 335 333 333 -1.7e+308 -1.7e+308 -1.7e+308 -1.7e+308 -1.7e+308 -1.7e+308 -1.7e+308 -1.7e+308 -1.7e+308 -1.7e+308 -1.7e+308 -1.7e+308 -1.7e+308 -1.7e+308 -1.7e+308 -1.7e+308 -1.7e+308 -1.7e+308 -1.7e+308 -1.7e+308 -1.7e+308 -1.7e+308 -1.7e+308 -1.7e+308 -1.7e+308 -1.7e+308 -1.7e+308 -1.7e+308 -1.7e+308 -1.7e+308 -1.7e+308 -1.7e+308 -1.7e+308 -1.7e+308 -1.7e+308 -1.7e+308 -1.7e+308 -1.7e+308 -1.7e+308 -1.7e+308 -1.7e+308 -1.7e+308 -1.7e+308 -1.7e+308 -1.7e+308 -1.7e+308 -1.7e+308 -1.7e+308 -1.7e+308
-1.7e+308 -1.7e+308 320 316 319 322 325 323 326 328 329 329 327 329 329 327 329 331 334 332 331 344 346 345 346 345 346 345 345 344 340 340 341 341 341 342 342 340 340 340 340 340 341 342 341 341 342 342 343 343 344 345 345 346 347 347 348 350 351 351 352 351 351 349 350 350 350 350 350 350
-1.7e+308 -1.7e+308 319 320 319 322 325 322 325 324 326 328 325 323 322 326 329 331 332 331 336 343 345 345 346 345 345 346 345 343 341 342 341 342 341 341 342 339 340 340 339 339 340 341 340 341 342 343 343 342 343 343 344 345 346 347 348 349 350 350 350 350 350 349 350 349 349 349 349 349
-1.7e+308 -1.7e+308 319 323 320 318 321 319 322 324 326 326 324 322 320 321 325 327 329 332 342 345 346 346 346 346 345 344 345 344 342 342 341 340 341 342 341 341 340 340 340 340 340 341 341 341 341 342 341 340 340 340 343 344 346 347 347 348 348 349 350 349 349 349 348 348 347 348 347 348
-1.7e+308 -1.7e+308 321 313 315 312 319 320 321 325 322 323 324 322 330 337 339 342 333 331 343 346 346 345 345 346 345 343 344 344 344 343 341 340 339 337 335 338 340 340 340 340 341 341 341 341 341 340 339 338 338 341 342 344 344 345 346 347 347 348 348 348 348 347 348 347 346 345 346 346
-1.7e+308 -1.7e+308 312 307 315 314 318 319 322 324 325 327 330 334 339 342 345 346 345 344 346 346 347 346 345 346 346 344 344 344 343 341 341 340 339 339 339 337 338 340 341 340 340 339 338 338 338 338 337 337 338 339 341 343 343 344 345 345 346 347 347 347 347 347 348 345 345 345 345 346
321 312 309 312 319 318 321 322 322 322 328 337 340 342 341 344 347 347 348 345 346 347 346 347 346 346 346 345 344 344 343 342 341 341 340 339 339 339 339 340 340 339 338 338 338 337 336 337 336 337 338 338 341 342 342 343 343 344 345 347 346 346 346 346 346 345 345 345 345 345
325 314 313 318 320 321 321 319 320 326 333 343 343 340 346 347 348 348 347 347 347 347 347 347 347 347 346 346 345 345 344 343 342 341 339 338 340 339 339 339 338 338 337 336 336 335 336 337 336 337 338 340 340 341 341 342 344 343 345 344 345 345 345 345 345 345 345 344 345 345
326 318 315 320 318 323 320 322 332 333 339 339 345 347 347 348 347 348 348 347 348 348 348 347 346 346 345 344 344 343 343 343 343 340 339 338 338 338 338 337 336 336 335 335 335 335 336 336 336 336 337 337 339 341 341 343 343 343 344 344 344 344 344 344 344 344 344 344 344 344
323 318 315 318 318 330 334 332 334 341 341 346 345 346 348 349 349 349 349 348 348 346 344 345 344 345 346 345 344 344 343 343 343 341 340 338 337 337 335 335 335 336 334 335 335 335 335 336 336 337 337 338 339 340 342 342 342 344 343 344 344 344 343 344 344 344 343 343 343 343
318 317 313 315 318 326 335 339 339 340 345 346 346 347 349 349 348 346 345 344 345 345 346 345 346 346 346 345 344 344 345 343 343 340 340 339 337 335 335 335 335 333 335 334 334 334 335 335 336 336 337 338 340 340 341 342 343 343 343 344 343 343 343 343 343 343 343 343 343 344
315 326 330 324 331 334 339 338 340 342 346 346 347 346 346 344 342 343 343 344 344 345 346 346 345 345 346 346 345 345 345 343 342 340 340 338 337 336 336 335 334 333 333 333 333 334 334 335 335 336 337 338 339 340 341 341 343 344 343 343 343 342 342 343 342 343 343 342 343 343
329 336 338 337 335 334 337 340 345 343 344 342 345 343 341 337 336 338 341 345 346 346 346 345 346 345 345 345 345 345 345 344 342 341 341 339 338 336 336 335 334 333 334 333 333 333 334 335 335 337 337 338 340 340 340 342 342 342 343 342 342 341 342 342 342 342 342 343 343 342
334 334 339 342 338 338 344 342 342 343 342 339 338 340 339 340 342 343 342 345 345 345 345 346 346 346 345 346 345 345 345 343 343 342 341 340 338 338 336 335 335 334 334 334 333 334 334 334 335 336 337 338 340 340 340 342 343 342 342 342 342 341 341 340 341 341 342 342 342 341
336 334 341 342 341 342 342 340 343 340 337 337 342 343 343 342 343 344 343 342 343 345 345 345 345 346 345 345 345 345 344 344 343 343 342 341 339 338 337 336 335 335 334 334 334 335 334 334 335 335 336 338 338 339 340 341 341 341 342 341 341 340 340 340 340 341 341 342 340 340
334 338 343 343 342 343 344 343 338 338 339 341 342 343 342 342 343 344 343 344 345 346 346 346 346 346 346 345 345 344 345 344 343 343 342 341 340 339 338 337 337 335 334 334 334 334 334 334 334 336 336 337 337 339 339 339 339 341 341 341 341 340 340 339 340 340 341 341 339 339
338 343 343 343 343 345 343 340 340 341 339 341 339 341 341 341 342 343 344 345 345 346 345 346 346 346 345 345 345 344 345 344 344 343 342 342 340 340 339 338 337 335 335 334 334 334 334 335 334 335 335 337 338 338 338 339 340 340 340 340 341 340 339 339 340 339 340 339 338 338
343 343 343 343 344 342 341 341 340 340 340 340 340 340 341 341 342 342 343 343 344 344 345 344 345 345 346 345 345 345 345 345 343 343 342 342 342 341 340 338 337 335 335 335 335 333 335 335 334 334 335 337 337 337 338 338 339 339 340 340 340 339 339 337 337 338 339 339 337 336
342 343 343 343 342 341 340 340 339 339 340 340 340 340 341 342 342 341 342 343 343 344 344 345 344 344 345 345 345 345 344 344 343 342 342 342 342 341 340 337 337 336 337 337 335 334 334 334 334 335 336 337 336 338 338 338 339 339 339 339 339 339 338 337 337 337 338 337 336 335
341 342 343 342 342 341 340 339 339 338 338 337 338 338 339 340 341 341 341 342 343 343 343 344 343 344 344 345 344 345 345 344 343 342 342 342 341 340 339 338 337 337 337 336 336 334 335 334 334 336 336 337 337 338 338 339 338 338 338 338 337 338 337 338 337 336 337 335 335 334
341 342 342 341 337 338 336 337 337 335 337 336 338 339 339 340 340 341 341 341 342 342 343 344 344 344 344 345 345 345 344 344 343 342 342 342 341 340 339 337 337 336 336 337 336 335 335 333 334 335 337 338 337 338 338 338 338 338 337 337 338 337 337 336 336 336 336 335 334 333
341 341 339 337 336 337 337 336 336 336 336 337 337 337 337 339 339 340 340 340 341 341 341 342 343 344 345 344 345 344 344 344 343 343 342 342 341 340 339 339 337 337 337 338 337 336 333 333 334 335 336 337 337 337 338 338 337 337 337 337 337 337 335 335 335 336 334 334 333 332
338 333 332 335 336 336 336 335 335 335 335 337 337 337 337 337 338 338 339 340 341 341 341 341 342 343 344 344 343 343 343 343 342 342 342 342 341 340 339 338 337 336 337 338 337 334 333 332 334 336 335 337 337 338 337 337 338 338 337 336 337 337 335 335 335 335 333 333 333 332
328 326 326 328 334 335 336 336 334 335 335 336 336 337 337 336 336 337 338 339 340 341 341 340 341 342 342 343 343 343 342 342 341 342 341 341 340 340 340 338 337 337 337 337 336 333 334 333 334 335 336 337 338 337 337 337 337 337 336 336 336 335 335 334 335 335 333 333 332 330
333 332 329 328 334 334 335 334 335 335 335 336 336 336 335 335 335 337 338 339 339 339 340 340 341 342 341 342 342 343 342 341 341 341 341 340 340 340 339 338 336 336 337 337 335 334 334 334 334 335 336 336 337 337 337 337 337 337 337 337 336 335 334 334 334 333 333 332 331 330
337 337 337 337 337 335 336 335 335 334 335 335 336 334 335 335 335 336 337 338 339 339 340 340 340 342 341 342 342 343 343 341 341 340 340 340 339 340 338 338 337 336 336 337 334 334 334 334 334 335 337 337 337 337 337 336 336 335 336 336 335 334 333 332 332 331 331 330 330 330
336 336 338 338 336 337 336 336 335 335 334 335 335 334 335 335 335 336 337 337 338 338 338 339 340 341 342 343 343 343 342 341 340 341 340 340 340 340 338 338 338 337 338 337 335 334 335 334 334 335 336 336 336 336 337 337 336 335 335 335 334 333 332 331 331 330 329 330 330 330
332 336 337 337 337 337 335 335 334 334 335 334 335 334 334 334 335 336 336 336 337 337 338 339 340 340 342 342 343 342 342 341 340 340 339 340 339 338 337 338 338 337 338 336 334 334 335 334 334 335 336 336 335 335 335 335 336 335 335 333 332 332 330 331 330 329 329 328 328 328
335 336 337 336 336 337 336 336 334 334 335 334 334 334 335 334 334 335 335 336 337 337 337 338 338 340 341 341 341 342 341 341 340 340 340 339 339 339 338 338 338 338 337 335 335 336 336 335 334 334 334 335 335 334 335 336 335 334 334 332 331 331 330 330 330 329 329 328 327 328
336 337 336 336 337 336 336 335 335 335 334 333 333 333 334 335 334 334 335 335 336 336 335 336 337 338 340 340 341 341 341 340 340 338 339 338 338 338 338 338 337 338 336 335 335 335 336 336 334 334 334 334 334 335 334 334 333 333 332 332 330 331 330 329 328 328 328 327 327 327
336 336 337 337 336 337 335 335 335 334 333 333 334 334 333 334 332 333 334 334 334 334 334 335 336 337 337 339 339 340 339 339 339 338 338 338 338 338 337 337 338 337 336 336 336 336 336 335 333 334 334 334 334 335 334 334 332 332 332 332 331 330 329 328 327 327 325 325 326 326
