layers/bio7.asc
NCOLS 292 
NROWS 290 
XLLCORNER -87.625 
YLLCORNER 24.5 
CELLSIZE 0.0416666666666667 
NODATA_value -1.7e+308 
[rows 0 to 30 of 290, columns 210 to 279 of 292]
-1.7e+308 -1.7e+308 -1.7e+308 -1.7e+308 -1.7e+308 -1.7e+308 -1.7e+308 -1.7e+308 -1.7e+308 -1.7e+308 -1.7e+308 -1.7e+308 -1.7e+308 -1.7e+308 -1.7e+308 -1.7e+308 -1.7e+308 -1.7e+308 -1.7e+308 -1.7e+308 -1.7e+308 -1.7e+308 -1.7e+308 -1.7e+308 -1.7e+308 -1.7e+308 -1.7e+308 -1.7e+308 -1.7e+308 -1.7e+308 -1.7e+308 -1.7e+308 -1.7e+308 -1.7e+308 -1.7e+308 -1.7e+308 -1.7e+308 -1.7e+308 -1.7e+308 -1.7e+308 -1.7e+308 -1.7e+308 -1.7e+308 -1.7e+308 -1.7e+308 -1.7e+308 -1.7e+308 -1.7e+308 -1.7e+308 -1.7e+308 -1.7e+308 -1.7e+308 -1.7e+308 -1.7e+308 -1.7e+308 -1.7e+308 -1.7e+308 -1.7e+308 -1.7e+308 -1.7e+308 -1.7e+308 -1.7e+308 -1.7e+308 -1.7e+308 -1.7e+308 -1.7e+308 -1.7e+308 -1.7e+308 -1.7e+308 -1.7e+308
349 350 350 350 350 351 351 351 352 352 352 351 352 351 350 349 349 348 348 347 348 346 346 345 345 345 345 346 346 346 346 346 346 345 345 344 344 344 342 340 340 339 338 337 335 335 333 332 330 329 327 325 324 323 320 319 318 315 314 313 311 309 308 307 306 305 304 303 303 301
348 348 348 348 350 350 350 350 351 351 351 351 351 350 349 348 348 347 346 346 345 345 345 345 345 345 345 345 345 346 346 345 345 345 344 344 343 343 342 341 339 337 338 336 334 333 332 331 329 328 326 325 323 322 320 318 317 316 313 312 311 310 309 307 306 305 304 302 302 300
348 347 347 347 348 349 349 349 351 351 351 350 350 349 348 348 347 346 346 345 344 344 344 344 344 345 344 344 345 345 345 344 344 344 344 343 342 341 341 340 339 337 337 335 334 333 331 331 328 328 326 325 323 321 320 318 317 315 314 313 310 310 309 308 306 306 304 304 302 301
346 347 346 347 347 347 348 348 349 350 350 351 349 349 348 347 347 346 344 343 343 343 343 343 343 343 343 343 343 344 344 344 343 344 343 343 342 340 340 339 338 337 336 335 334 331 331 330 329 327 326 324 323 320 319 318 316 315 313 312 311 309 308 308 307 305 304 303 302 300
346 345 346 345 345 345 346 347 347 349 349 349 348 349 348 346 346 346 344 343 343 343 342 342 342 342 342 343 342 343 343 343 343 343 342 341 341 340 339 338 337 336 335 333 333 331 330 328 327 326 325 323 322 321 318 318 316 315 314 312 311 310 309 307 307 305 304 303 302 301
344 345 346 345 345 344 345 347 347 348 348 348 347 347 348 347 345 345 345 343 342 341 341 341 341 341 341 342 342 342 342 343 343 343 342 340 340 339 339 337 336 336 335 333 332 331 329 328 328 326 325 322 321 320 319 317 316 314 313 312 310 309 308 308 307 305 304 302 301 301
344 345 344 344 345 345 344 345 346 348 347 347 347 347 346 346 345 344 343 342 342 341 340 341 340 341 341 341 342 341 341 342 342 342 341 340 339 338 337 336 335 335 334 332 332 330 329 328 326 325 324 322 321 319 318 316 316 315 313 312 311 309 308 308 306 304 304 303 301 300
343 343 344 343 343 343 344 344 346 346 347 347 347 347 346 345 345 344 343 342 342 340 341 340 340 341 340 341 341 340 341 341 341 339 340 340 339 338 337 335 335 334 333 332 330 329 328 327 326 324 323 321 321 318 318 316 315 314 312 311 310 310 308 307 306 304 304 302 302 300
343 343 342 343 343 343 344 344 345 346 346 346 347 346 346 345 345 343 342 342 341 340 340 340 340 340 341 340 340 340 340 339 339 338 338 339 338 338 336 335 334 332 333 332 330 329 328 327 326 324 322 321 320 318 316 316 315 314 312 312 311 309 309 307 306 304 304 303 301 301
343 343 343 342 343 342 343 343 344 344 346 346 347 347 346 345 344 343 343 342 340 340 339 340 340 339 339 338 339 339 339 339 338 338 338 338 337 337 336 334 333 331 332 331 329 328 327 326 325 323 322 321 319 318 316 315 315 313 312 312 311 310 309 308 306 306 303 303 -1.7e+308 -1.7e+308
344 344 343 341 342 342 343 342 342 344 344 345 346 347 345 344 342 342 341 340 340 339 338 338 338 338 338 338 338 337 338 338 338 338 338 337 337 335 334 335 332 332 331 330 330 328 326 326 324 323 321 321 318 317 316 314 314 314 313 311 311 310 308 308 307 -1.7e+308 -1.7e+308 -1.7e+308 -1.7e+308 -1.7e+308
343 342 341 341 341 341 340 341 341 343 343 344 345 344 345 343 342 341 341 340 339 338 338 337 338 337 337 337 337 337 337 337 338 337 337 336 335 335 335 333 332 331 330 329 329 328 326 326 324 322 321 320 318 317 316 315 314 314 313 312 -1.7e+308 -1.7e+308 -1.7e+308 -1.7e+308 -1.7e+308 -1.7e+308 -1.7e+308 -1.7e+308 -1.7e+308 -1.7e+308
341 340 340 340 340 340 340 340 340 341 341 343 343 343 344 342 341 340 340 340 338 337 337 337 336 337 336 336 337 337 337 337 337 336 336 336 334 334 334 334 332 331 329 328 328 327 326 325 324 323 322 321 320 317 316 315 315 313 314 -1.7e+308 -1.7e+308 -1.7e+308 -1.7e+308 -1.7e+308 -1.7e+308 -1.7e+308 -1.7e+308 -1.7e+308 -1.7e+308 -1.7e+308
339 339 339 338 338 339 339 340 340 340 340 340 341 341 342 341 340 340 339 338 337 337 336 336 336 336 336 336 336 336 336 336 336 336 335 335 334 333 333 332 331 331 329 329 327 326 326 324 323 323 321 321 319 -1.7e+308 -1.7e+308 -1.7e+308 -1.7e+308 313 313 312 -1.7e+308 311 310 309 308 306 305 304 302 -1.7e+308
338 337 336 336 336 336 338 339 339 339 338 339 340 340 340 340 339 339 338 338 337 337 337 335 336 336 336 335 335 335 335 336 336 335 335 335 334 334 332 331 331 330 329 328 327 326 326 324 324 322 322 321 320 319 318 316 315 314 313 312 312 311 310 309 307 306 305 303 301 -1.7e+308
337 335 335 335 335 336 336 337 338 338 337 338 338 339 339 339 339 338 338 338 337 336 335 335 335 335 335 334 334 335 334 334 335 335 334 334 333 333 331 331 329 329 328 328 327 326 325 324 323 322 322 321 320 320 319 317 316 315 313 313 313 312 310 309 308 306 305 303 301 299
335 335 334 334 333 335 335 335 336 336 337 337 337 337 338 337 337 337 337 336 336 337 335 335 335 335 334 333 333 333 334 333 336 335 334 333 333 332 330 330 328 328 327 327 326 326 324 323 322 322 321 322 321 320 319 317 316 314 313 313 313 311 310 308 307 306 303 303 -1.7e+308 300
334 333 332 332 332 333 335 334 335 335 335 336 336 336 336 336 336 336 336 335 336 335 335 335 335 333 333 333 334 334 333 334 334 334 333 331 332 330 330 329 328 327 327 326 326 325 324 323 322 322 322 321 321 319 319 317 315 314 313 313 312 310 310 308 306 305 304 303 -1.7e+308 299
333 331 331 331 332 332 333 334 334 334 335 334 335 335 335 335 335 335 335 335 335 335 335 334 334 333 332 332 332 333 332 333 332 332 332 332 331 330 329 329 328 327 326 326 325 324 323 323 323 322 322 320 319 319 318 317 315 315 313 313 311 310 309 307 306 304 303 302 -1.7e+308 298
332 331 331 331 330 331 332 333 333 333 333 334 334 334 334 334 334 335 335 334 335 335 335 334 334 333 333 332 332 331 331 332 332 331 331 331 330 330 328 328 328 326 326 325 324 323 323 322 321 320 319 319 319 318 318 315 315 314 314 312 312 309 308 307 306 305 303 301 -1.7e+308 297
331 330 330 330 330 331 330 332 332 333 332 332 332 333 333 333 333 333 334 334 333 334 334 333 333 332 332 331 330 330 331 331 331 330 330 330 329 329 327 327 327 326 325 324 323 323 321 321 320 319 319 319 318 317 316 315 313 313 312 312 310 309 308 306 305 303 302 300 298 297
330 330 330 330 330 329 331 331 332 331 331 332 332 332 332 332 332 332 332 331 332 332 332 333 331 331 331 330 330 329 330 330 330 330 329 328 328 328 327 326 326 325 324 323 323 322 322 321 320 319 319 318 318 317 315 315 314 313 311 310 309 308 306 305 303 302 300 299 297 295
329 329 329 330 330 330 330 330 331 330 331 331 331 331 330 330 330 330 330 330 331 331 330 330 330 329 329 329 329 329 329 329 329 328 328 328 328 327 327 326 325 324 323 322 321 321 321 320 319 318 318 318 316 315 315 314 314 312 311 311 308 307 306 305 303 302 300 298 297 294
329 329 329 328 329 329 329 330 329 330 331 330 330 330 329 329 329 329 328 328 329 329 329 329 329 328 328 328 328 328 328 328 328 328 327 327 327 326 325 325 324 324 323 321 321 321 320 319 318 318 317 316 316 315 314 314 312 311 311 310 308 307 306 304 302 300 299 298 297 295
329 328 329 328 329 329 329 329 329 330 329 330 329 329 329 328 328 328 326 327 326 326 326 326 326 327 326 327 326 328 327 327 328 327 327 326 326 325 324 324 323 321 322 321 320 319 318 318 317 317 316 315 314 314 314 312 312 311 309 308 307 307 305 303 303 300 299 297 295 294
329 329 329 329 329 329 330 329 329 329 329 328 329 328 328 327 326 326 326 325 324 324 324 325 325 324 325 326 325 326 326 326 326 326 325 325 324 324 323 323 322 321 320 320 319 318 318 317 316 315 314 314 314 313 312 311 311 309 309 308 307 304 304 303 301 300 298 297 294 292
329 329 328 328 328 328 328 328 328 327 328 328 328 327 326 326 325 324 324 323 322 322 323 323 323 322 323 324 324 324 325 325 325 325 324 325 323 324 322 322 320 320 319 319 318 317 316 316 315 315 314 315 314 312 312 311 309 309 308 307 306 304 303 301 301 298 297 295 293 -1.7e+308
328 328 329 328 328 327 327 327 328 327 327 327 327 326 325 325 324 323 323 322 321 320 320 320 321 322 322 323 323 323 324 324 323 324 323 324 323 322 321 320 320 319 318 317 317 316 315 315 315 314 314 313 -1.7e+308 312 311 311 309 308 307 306 305 304 302 300 299 298 295 294 -1.7e+308 -1.7e+308
327 328 329 329 329 328 327 326 327 326 326 326 325 325 325 324 323 322 321 321 319 318 319 319 320 321 321 322 323 322 323 323 323 323 323 322 322 321 320 320 319 317 317 316 315 315 314 314 314 313 312 311 311 309 308 -1.7e+308 -1.7e+308 -1.7e+308 -1.7e+308 304 303 302 301 300 298 296 295 -1.7e+308 -1.7e+308 -1.7e+308
326 326 328 327 328 327 328 327 326 325 326 325 325 324 323 323 322 321 320 319 318 317 317 319 318 320 320 321 321 321 322 322 322 322 322 321 321 319 320 318 317 317 316 316 315 314 314 313 313 312 312 310 310 308 307 307 306 305 -1.7e+308 -1.7e+308 -1.7e+308 -1.7e+308 300 -1.7e+308 -1.7e+308 297 -1.7e+308 -1.7e+308 -1.7e+308 -1.7e+308
