layers/bio7.asc
NCOLS 292 
NROWS 290 
XLLCORNER -87.625 
YLLCORNER 24.5 
CELLSIZE 0.0416666666666667 
NODATA_value -1.7e+308 
[rows 124 to 154 of 290, columns 70 to 139 of 292]
301 300 300 300 299 300 300 299 299 300 299 299 299 299 299 297 298 297 296 297 296 296 295 295 294 294 293 292 292 292 293 294 294 295 295 296 297 298 299 300 301 301 302 303 304 304 303 303 303 303 302 302 302 302 303 303 303 303 303 303 303 302 302 301 300 299 299 298 296 295
301 301 300 300 300 300 299 300 299 300 299 299 300 300 299 298 298 297 297 297 296 296 296 295 295 294 293 293 292 293 293 293 293 294 295 296 296 297 297 299 300 300 301 302 302 303 302 303 302 302 302 302 302 302 302 302 302 303 304 302 302 302 301 301 300 298 298 297 295 294
300 301 301 301 299 299 300 299 300 301 300 299 299 300 298 298 298 298 297 297 297 295 296 295 294 294 293 292 293 292 292 292 294 294 294 294 296 296 297 297 299 299 299 300 301 301 302 301 301 301 302 302 302 302 303 303 303 303 303 302 301 301 301 300 298 298 296 296 294 292
301 300 300 300 300 301 300 300 301 300 300 300 300 300 299 298 297 297 297 297 296 296 296 295 294 294 293 294 293 293 292 293 292 293 293 293 294 295 296 296 298 298 299 299 300 300 301 300 301 301 301 301 302 301 302 302 303 304 303 303 301 300 300 298 297 296 295 294 292 291
301 300 300 300 300 300 300 300 300 300 300 301 300 300 299 298 298 297 297 297 296 296 297 296 295 295 293 293 292 292 292 292 292 292 293 292 293 293 295 295 297 297 297 298 299 298 299 300 300 301 301 301 301 301 302 301 303 303 303 301 300 300 298 298 296 295 293 293 292 290
301 300 300 300 300 299 300 300 300 300 300 300 300 300 299 299 299 297 297 297 296 297 296 296 296 294 294 293 292 292 291 291 292 292 292 292 292 292 293 294 295 296 296 298 298 298 299 300 300 300 301 301 301 301 301 301 302 302 302 301 300 299 298 297 296 293 293 291 291 289
300 299 299 300 300 300 300 300 300 300 300 300 299 299 299 298 298 298 298 298 297 296 296 295 295 294 293 294 292 291 291 290 291 291 291 291 292 292 292 293 294 295 295 297 297 297 299 299 299 299 300 300 300 301 300 302 301 301 301 299 299 298 297 296 294 292 292 291 289 288
300 301 300 301 300 300 299 299 299 299 299 299 299 299 298 298 297 297 297 297 297 297 296 296 294 294 294 293 292 291 292 290 290 289 290 290 290 291 291 293 293 294 295 295 296 297 297 298 299 299 300 299 300 299 300 301 301 301 299 299 299 298 297 295 294 292 292 291 288 288
299 299 300 299 299 299 299 299 299 299 298 299 299 298 298 298 297 297 296 296 296 295 295 296 295 294 293 292 292 291 291 291 289 289 289 289 289 290 291 292 292 293 294 295 296 297 297 297 297 299 299 299 299 299 299 300 300 299 299 298 298 297 296 295 293 292 291 290 288 287
300 300 300 299 300 299 299 299 299 298 297 298 298 298 297 297 297 297 296 296 296 296 295 294 294 294 294 291 291 291 291 289 289 289 288 288 288 289 290 291 291 293 294 294 295 297 297 297 297 299 298 299 298 299 300 299 300 299 298 298 298 296 296 295 293 292 291 289 288 287
300 299 299 299 299 298 299 298 297 297 297 296 297 297 297 296 296 296 295 295 295 295 295 294 294 293 293 292 291 290 290 290 288 288 288 287 287 288 289 290 291 292 293 294 294 295 296 297 297 297 298 298 298 299 300 299 299 299 299 297 297 296 295 294 293 292 291 289 287 286
299 299 298 298 297 297 297 297 296 296 297 297 297 297 296 297 296 295 295 295 294 294 294 294 293 293 293 292 291 291 289 289 288 288 287 287 288 288 289 290 291 292 293 294 295 294 296 296 296 297 297 297 298 298 298 298 299 298 298 297 296 296 295 294 293 292 290 288 287 285
298 298 298 297 298 297 296 295 295 296 296 296 296 296 296 296 296 296 296 294 294 294 294 293 293 293 293 292 291 290 290 289 288 288 287 287 287 288 289 289 291 291 292 294 294 296 296 296 296 297 297 297 299 298 298 298 298 298 297 297 296 295 295 294 292 291 289 289 287 286
297 297 297 296 296 295 295 295 295 294 295 296 296 296 296 295 295 295 295 294 294 294 294 294 293 292 292 292 290 290 289 289 289 287 288 288 288 288 289 291 291 292 292 293 294 295 295 295 295 297 297 296 297 298 298 297 297 298 297 297 296 296 294 293 292 291 290 288 286 285
296 296 296 295 295 295 294 295 294 294 295 295 295 295 294 295 295 295 294 294 293 294 293 294 292 291 292 291 291 290 290 289 288 288 288 288 288 289 290 290 291 292 292 293 293 293 295 295 296 296 296 296 297 298 297 297 297 296 297 296 296 295 293 294 292 291 289 287 286 285
295 295 294 294 294 293 293 293 294 295 294 294 294 294 294 294 293 294 293 293 293 292 293 293 293 292 291 291 291 290 289 288 288 289 289 289 288 289 290 291 291 292 293 294 293 293 294 294 295 296 296 296 297 297 297 296 296 296 296 296 295 295 294 293 292 291 289 288 286 284
294 293 293 293 292 293 293 293 293 294 293 294 294 293 293 294 293 293 294 293 292 292 292 292 291 291 292 291 290 289 289 288 288 288 288 289 289 289 290 291 291 292 293 292 294 294 294 294 296 296 296 295 295 297 296 296 296 295 296 295 296 296 294 293 292 289 289 287 285 283
292 291 291 292 291 291 292 292 293 293 293 292 293 293 293 292 293 293 292 293 292 292 291 292 291 292 290 290 290 289 289 288 289 288 289 288 289 290 291 290 291 293 293 294 293 294 295 295 296 295 295 295 295 295 296 296 296 295 295 295 294 294 294 292 291 290 288 287 285 284
291 291 291 290 290 290 291 291 292 292 291 292 292 292 292 292 292 293 292 292 292 291 291 291 290 291 290 289 289 288 288 288 288 288 288 288 289 290 291 291 291 293 293 293 294 294 294 294 295 295 295 295 294 295 296 296 295 295 295 294 294 294 293 292 290 289 288 287 284 283
290 290 289 289 289 289 290 290 291 291 291 292 291 291 291 292 292 292 292 292 291 291 291 290 290 290 290 289 288 288 288 287 287 288 288 289 289 289 290 291 292 293 293 294 294 294 294 294 294 295 294 294 294 294 295 296 295 295 295 294 293 292 292 292 290 288 287 286 285 283
289 289 289 288 288 288 289 291 291 291 290 291 291 291 291 291 291 291 290 290 291 290 290 290 289 290 289 288 287 287 288 288 287 288 288 288 289 290 290 292 292 293 293 294 294 294 294 293 293 293 293 294 294 294 293 294 294 294 293 293 292 291 291 291 289 288 287 286 284 282
289 288 288 288 288 288 288 290 290 290 290 290 290 291 291 291 291 290 290 290 290 290 289 289 289 289 288 287 287 287 287 286 287 288 288 289 290 290 291 291 293 293 294 294 293 293 293 293 293 293 293 292 293 293 293 293 293 292 293 293 292 291 291 290 289 287 286 284 284 283
288 287 288 287 287 288 289 290 290 289 290 290 290 290 290 290 290 290 290 290 289 290 289 289 288 288 288 287 287 286 286 287 287 287 287 289 289 289 291 291 291 292 292 293 293 293 293 293 292 292 292 292 292 292 292 292 293 293 292 292 292 291 290 290 288 287 286 285 283 282
287 287 288 287 288 288 288 288 290 289 289 289 290 289 289 289 289 289 289 289 289 289 289 289 289 288 287 287 287 287 287 288 287 287 288 289 289 289 289 291 292 292 292 291 291 291 292 292 292 291 291 291 291 291 291 293 293 293 292 291 291 290 290 289 287 286 285 284 281 281
287 287 287 286 287 287 288 288 289 289 289 288 288 289 289 289 289 289 288 289 289 288 288 288 288 288 287 287 287 286 287 287 287 288 287 288 289 289 289 291 291 291 292 292 291 291 290 291 291 291 291 290 291 291 291 291 291 291 292 290 290 290 290 288 287 286 284 283 281 279
286 286 286 286 286 287 287 288 287 288 288 288 288 289 288 288 288 288 287 288 288 289 288 288 288 287 287 287 286 287 287 287 287 287 287 288 289 288 289 290 290 290 291 291 291 290 291 291 289 289 289 289 290 290 290 291 291 290 290 291 291 290 289 287 286 285 283 281 280 278
284 285 285 285 286 286 286 287 286 286 287 287 287 288 288 288 288 287 287 287 288 287 287 287 287 287 287 287 287 287 287 287 287 287 287 288 288 288 289 289 290 290 290 290 289 289 289 289 289 288 288 288 288 288 290 289 290 290 290 290 290 289 288 287 285 284 282 281 278 277
284 284 284 284 284 285 285 286 286 286 286 286 287 287 287 287 287 286 287 287 287 287 288 287 287 286 287 287 287 287 287 287 287 287 287 288 288 288 289 289 288 290 290 289 289 288 289 289 288 287 288 287 288 288 287 288 289 289 290 289 289 288 287 285 284 283 281 279 277 276
282 283 283 283 283 284 284 284 285 285 286 286 286 286 285 286 286 286 286 286 286 287 287 287 287 286 287 286 286 287 287 287 287 287 287 287 287 288 289 288 289 289 289 288 288 288 288 287 286 286 286 286 285 287 287 287 288 288 288 287 287 287 286 283 283 281 280 278 276 274
282 282 282 282 282 284 283 283 283 284 284 285 285 285 284 285 286 286 286 286 285 286 286 286 286 286 286 286 286 287 287 287 287 287 287 287 287 288 288 288 288 287 287 287 286 286 287 286 286 285 285 284 284 285 286 287 287 287 287 287 286 285 284 283 281 280 278 277 276 273
280 280 280 281 281 282 282 283 283 283 283 283 284 284 284 285 284 285 285 285 285 285 286 286 286 286 286 285 286 286 286 286 287 287 287 287 287 287 287 288 287 287 287 286 286 286 286 286 285 285 284 284 284 284 285 285 285 285 285 285 284 283 282 281 280 279 278 276 274 272
