layers/bio8.asc
NCOLS 292 
NROWS 290 
XLLCORNER -87.625 
YLLCORNER 24.5 
CELLSIZE 0.0416666666666667 
NODATA_value -1.7e+308 
[rows 31 to 61 of 290, columns 70 to 139 of 292]
-1.7e+308 -1.7e+308 -1.7e+308 -1.7e+308 -1.7e+308 -1.7e+308 -1.7e+308 -1.7e+308 -1.7e+308 -1.7e+308 -1.7e+308 -1.7e+308 -1.7e+308 -1.7e+308 -1.7e+308 -1.7e+308 16 18 27 33 31 28 33 32 35 32 26 24 38 45 46 45 40 32 34 31 43 39 40 32 100 101 96 102 105 115 116 122 125 125 120 121 215 218 218 221 224 136 134 133 145 148 148 68 69 69 67 67 68 68
-1.7e+308 -1.7e+308 -1.7e+308 -1.7e+308 -1.7e+308 -1.7e+308 -1.7e+308 -1.7e+308 -1.7e+308 -1.7e+308 43 45 32 33 35 28 26 24 28 31 36 37 33 31 26 32 25 17 34 44 45 48 46 41 30 27 31 36 35 36 111 107 104 112 114 114 121 127 123 123 123 118 120 119 125 219 222 132 61 68 68 68 68 68 69 68 69 69 68 68
-1.7e+308 -1.7e+308 -1.7e+308 -1.7e+308 -1.7e+308 -1.7e+308 -1.7e+308 -1.7e+308 -1.7e+308 -1.7e+308 50 47 43 46 41 40 40 32 42 46 45 45 38 25 29 29 15 18 32 37 42 47 49 46 38 25 26 29 24 102 103 105 114 117 118 122 127 124 116 120 121 117 123 125 127 128 131 126 59 68 69 71 70 70 69 68 68 69 69 68
-1.7e+308 -1.7e+308 -1.7e+308 -1.7e+308 -1.7e+308 -1.7e+308 -1.7e+308 -1.7e+308 -1.7e+308 -1.7e+308 49 49 50 49 45 46 42 45 46 41 34 28 24 15 27 29 21 21 36 44 45 48 46 45 39 27 22 28 26 28 103 103 113 117 122 127 123 118 118 120 119 125 53 59 60 62 52 56 66 70 70 70 70 70 70 69 69 69 68 68
-1.7e+308 -1.7e+308 -1.7e+308 -1.7e+308 -1.7e+308 -1.7e+308 -1.7e+308 -1.7e+308 -1.7e+308 -1.7e+308 47 46 47 50 49 49 47 48 47 39 37 35 33 34 36 26 27 26 30 40 41 48 42 30 36 26 23 26 32 31 110 114 119 49 49 120 121 121 118 48 51 63 66 66 67 67 68 69 70 70 70 71 71 70 70 70 70 70 69 68
-1.7e+308 -1.7e+308 -1.7e+308 -1.7e+308 -1.7e+308 -1.7e+308 -1.7e+308 -1.7e+308 -1.7e+308 -1.7e+308 41 42 48 48 48 48 49 49 49 46 45 47 46 42 32 26 27 20 24 21 40 49 45 37 28 28 27 34 37 33 111 46 56 60 49 51 119 47 59 67 67 68 69 69 68 70 71 70 70 72 70 71 70 71 71 70 70 71 71 69
-1.7e+308 -1.7e+308 -1.7e+308 -1.7e+308 -1.7e+308 -1.7e+308 -1.7e+308 -1.7e+308 -1.7e+308 45 42 45 47 49 49 47 47 47 48 45 45 47 48 46 45 44 33 23 19 21 32 46 42 30 32 39 38 41 42 38 47 58 63 61 57 60 54 59 68 70 71 71 70 71 69 70 71 72 72 72 72 72 72 72 72 72 71 71 71 70
55 55 51 45 33 44 49 51 50 48 47 47 49 48 49 48 43 44 48 48 46 47 48 46 36 34 33 37 30 33 42 48 44 31 40 48 47 44 47 47 58 64 67 68 68 67 67 67 69 69 70 72 72 71 71 72 72 72 73 73 73 73 73 72 72 71 72 72 72 72
52 51 44 40 36 46 49 49 50 50 49 48 45 46 48 48 47 45 40 42 48 41 46 46 44 45 38 41 44 44 43 49 40 40 46 51 55 53 53 62 66 66 69 71 69 68 69 70 70 68 71 71 72 72 71 68 72 73 72 73 73 74 73 74 73 73 73 73 73 72
50 42 37 30 37 44 47 47 50 51 51 49 48 46 46 48 48 46 44 42 43 31 43 46 40 35 41 47 50 44 43 49 47 52 56 58 57 56 59 67 68 69 70 72 72 70 71 72 71 71 71 72 73 73 73 71 73 73 74 73 73 73 74 74 74 74 74 73 73 72
47 35 34 37 33 35 42 47 49 50 51 49 46 44 47 46 48 48 47 47 41 31 38 45 40 35 45 52 49 49 53 54 57 55 59 59 59 60 60 68 69 71 72 73 72 70 72 73 72 73 72 73 74 74 73 74 73 73 74 74 74 74 74 75 75 75 74 73 74 74
58 53 46 47 45 39 46 50 47 42 49 46 42 41 42 41 44 43 46 49 47 37 35 38 33 38 48 53 52 49 55 55 59 62 60 59 61 60 65 69 70 71 73 74 73 72 72 74 73 73 73 74 74 75 74 74 74 74 74 74 75 74 74 75 75 75 74 73 73 74
44 43 50 52 50 50 53 51 43 38 46 48 47 42 41 40 37 33 38 46 43 39 46 42 42 51 56 50 52 50 55 57 61 63 61 63 65 65 70 70 71 72 73 74 73 73 74 74 74 74 75 74 75 75 75 75 75 75 74 75 75 75 75 75 75 75 75 74 74 74
52 45 52 54 52 54 55 46 34 37 43 47 44 45 43 45 39 35 34 38 37 39 50 53 56 58 57 55 52 52 56 60 65 63 64 67 70 70 71 72 72 73 74 74 75 75 75 75 75 75 75 75 75 75 75 75 75 75 75 74 75 75 76 75 75 75 75 75 75 74
56 51 54 55 55 56 53 49 46 50 46 41 39 39 39 44 38 41 48 50 48 44 55 59 61 60 56 59 60 60 61 63 69 70 69 71 72 73 72 73 73 73 73 75 77 76 76 75 75 75 75 75 75 75 75 75 76 76 75 75 75 75 76 76 76 75 75 75 75 75
59 57 57 56 56 55 55 54 52 52 48 42 36 39 45 43 47 50 52 56 55 54 58 56 59 62 60 62 62 63 62 64 66 72 74 73 74 73 73 73 74 74 75 75 77 76 76 76 76 76 76 75 75 75 76 75 76 77 76 75 75 75 75 75 76 76 75 75 75 74
65 60 58 56 57 55 54 53 50 49 45 40 43 50 55 55 56 56 56 58 58 60 60 59 61 63 62 63 63 63 63 64 69 73 74 75 75 74 74 73 73 74 76 76 77 76 76 76 76 77 76 76 75 76 77 75 75 76 77 76 76 76 75 76 76 76 76 76 76 76
63 62 59 58 59 56 53 48 43 48 49 49 52 54 57 59 61 61 60 60 61 60 59 62 62 63 64 63 63 63 64 67 72 72 73 73 74 76 75 75 74 75 76 76 77 77 77 77 77 77 76 76 76 76 77 76 76 76 77 77 77 77 76 76 76 76 76 76 76 76
61 59 61 61 61 58 55 51 44 47 55 56 57 56 58 61 62 62 62 62 62 59 61 62 64 64 64 63 62 64 68 71 73 74 74 74 75 76 76 76 75 76 76 77 77 78 77 77 77 77 77 77 76 76 76 76 77 76 77 78 77 77 76 76 77 76 76 76 77 77
65 61 61 61 58 57 58 58 53 49 56 59 59 59 59 61 63 65 64 65 64 64 64 63 66 65 65 64 67 72 71 74 74 74 75 75 74 75 76 76 77 77 77 77 78 78 77 78 77 77 78 77 77 77 77 77 77 78 77 78 77 78 77 76 77 77 76 76 76 77
65 62 60 60 55 59 59 61 61 59 58 60 60 62 62 63 64 66 66 66 65 66 66 66 68 67 66 69 73 72 74 75 76 74 75 76 76 75 75 76 76 76 76 77 78 78 78 78 77 77 78 78 78 77 78 77 77 78 78 78 78 78 78 77 77 78 77 77 77 77
65 64 63 59 58 60 62 62 62 61 61 62 63 63 64 66 66 67 67 67 68 68 67 69 68 67 70 72 74 72 73 75 76 77 77 76 77 76 75 76 76 76 77 78 78 78 79 78 78 78 78 79 78 78 78 78 77 78 78 79 78 79 79 78 78 78 78 78 78 78
66 63 61 62 62 62 63 64 65 64 63 65 65 65 66 66 67 68 68 68 69 70 70 70 69 71 72 73 74 74 74 74 75 76 77 77 77 76 75 75 75 77 77 77 78 79 79 78 78 78 78 79 78 79 79 78 78 78 78 79 79 79 80 78 78 78 79 79 79 79
63 58 62 64 63 62 65 66 66 66 67 67 67 66 66 66 66 68 69 70 70 69 70 72 72 73 74 74 75 76 76 76 76 77 77 77 78 77 76 76 76 76 77 78 78 79 80 79 79 79 79 79 79 79 80 79 79 79 78 79 79 80 80 80 79 79 79 80 80 80
64 62 65 65 64 65 67 66 65 66 66 66 66 66 66 66 68 69 70 70 69 70 71 73 74 74 74 75 76 77 77 77 78 78 78 77 78 77 76 76 76 77 77 78 78 79 80 80 79 80 80 79 80 81 80 79 79 80 79 78 79 79 80 80 80 80 79 80 81 81
66 66 66 67 68 68 66 65 66 65 66 66 66 65 67 68 69 70 71 70 70 72 73 74 75 75 75 76 75 75 77 76 77 77 78 78 78 78 77 77 77 77 78 78 79 79 80 81 80 81 81 80 81 81 81 79 80 81 80 80 79 79 80 80 81 81 80 80 81 82
68 67 69 69 67 66 67 67 67 67 67 68 68 67 68 70 70 71 70 71 72 73 73 75 76 76 76 76 77 76 76 77 77 77 77 78 79 79 79 79 78 79 79 79 79 79 81 82 81 81 81 81 82 82 81 80 81 81 81 80 80 80 80 81 81 81 82 81 82 82
69 69 69 69 69 68 69 68 68 68 68 68 67 68 69 70 70 70 70 73 74 74 75 76 77 78 76 77 77 78 77 78 77 77 78 78 79 79 80 80 80 79 79 79 80 80 81 81 82 82 82 82 82 82 81 81 82 82 81 81 80 80 80 82 82 82 82 82 82 82
70 70 69 68 70 70 70 69 68 68 68 69 68 69 71 71 71 71 71 73 75 76 76 76 77 78 79 78 79 79 78 79 78 78 78 79 80 79 80 81 81 81 80 80 80 81 81 82 82 83 82 83 83 82 82 81 82 82 81 81 81 80 81 81 82 82 82 83 82 82
71 70 68 69 70 69 68 69 68 69 69 69 70 71 72 71 72 72 72 74 75 76 77 78 78 79 79 79 79 79 80 80 79 79 80 80 81 80 80 81 82 82 81 81 81 82 82 82 83 83 83 83 83 84 83 82 82 83 82 82 82 81 81 82 82 82 82 82 82 83
71 69 70 70 70 69 69 70 70 70 70 71 72 72 72 72 72 72 73 74 75 75 76 77 78 79 80 79 80 79 81 81 80 79 80 80 81 81 82 82 82 82 83 83 83 83 84 84 84 84 84 84 83 84 84 83 84 83 82 82 82 82 82 82 82 82 82 82 83 83
