layers/bio8.asc
NCOLS 292 
NROWS 290 
XLLCORNER -87.625 
YLLCORNER 24.5 
CELLSIZE 0.0416666666666667 
NODATA_value -1.7e+308 
[rows 31 to 61 of 290, columns 140 to 209 of 292]
225 67 68 243 244 68 243 243 245 67 242 66 68 68 68 68 69 69 70 70 69 68 68 249 248 248 249 249 249 248 249 250 248 248 248 250 250 250 249 250 252 251 250 250 250 251 250 248 248 247 248 248 248 248 249 249 249 249 250 250 251 250 251 250 250 250 251 251 251 251
68 68 69 68 69 68 67 68 68 67 66 67 67 69 69 69 70 71 71 70 70 69 69 69 68 248 248 248 248 249 250 249 248 249 249 250 250 250 250 251 252 252 252 251 252 252 251 251 249 249 249 249 249 248 249 250 249 249 250 251 251 251 252 251 251 251 251 252 252 252
68 68 68 69 69 68 69 69 67 67 67 66 68 69 69 69 70 71 71 70 70 70 70 70 69 69 248 248 248 249 250 249 249 250 250 251 251 251 252 252 253 253 252 253 254 254 253 251 250 249 249 250 250 250 249 249 249 249 250 251 251 251 252 252 252 252 253 253 252 251
68 67 68 68 70 69 69 68 68 68 68 68 69 69 70 71 71 71 71 71 71 71 71 70 250 249 248 248 249 249 249 249 249 249 250 250 251 252 253 252 253 253 253 254 254 254 252 251 251 249 250 250 251 250 250 250 250 249 250 250 250 250 251 251 251 251 252 251 252 252
68 69 69 69 70 70 69 68 69 69 69 69 69 69 70 71 71 72 71 72 72 72 252 251 250 249 248 248 249 248 248 248 249 249 250 250 250 251 252 252 254 254 255 255 255 254 252 253 251 250 251 251 251 251 251 251 251 250 250 251 251 250 250 251 251 251 252 252 252 252
69 70 70 69 69 70 70 70 70 70 70 70 70 70 71 71 71 72 71 72 72 72 252 251 250 249 248 248 248 248 248 248 249 249 250 249 250 251 252 253 254 254 254 254 255 254 253 252 251 252 252 251 252 252 252 252 251 251 250 251 252 251 251 251 252 252 251 252 252 253
71 71 71 69 70 70 70 71 70 70 71 70 70 70 70 71 72 72 72 72 72 252 251 251 249 249 249 248 248 248 248 248 248 248 249 249 251 252 253 254 254 254 254 254 254 255 254 254 253 253 253 253 252 251 252 252 253 252 251 251 252 252 251 252 251 252 252 252 252 252
71 72 72 71 71 71 71 72 71 72 72 71 71 71 71 71 72 72 73 73 73 252 251 250 250 250 249 248 247 248 248 247 248 248 248 250 251 253 253 254 254 253 253 253 253 255 255 254 253 254 253 253 252 252 252 252 252 253 252 251 252 252 252 252 252 252 252 252 252 252
72 72 72 72 72 72 72 72 72 73 71 72 72 71 71 72 72 73 73 73 252 252 251 251 250 249 248 248 247 248 248 247 247 248 249 250 253 252 252 252 253 253 254 254 253 255 255 255 255 254 253 252 253 253 253 253 252 253 253 252 252 252 252 251 251 251 252 252 251 251
72 73 73 73 73 72 72 73 73 72 72 73 73 72 72 72 74 73 252 251 251 252 251 250 249 249 248 247 247 246 247 247 248 249 250 250 252 252 252 251 252 253 255 255 255 256 256 255 254 254 254 253 253 254 254 254 253 253 253 253 252 252 252 252 251 251 251 251 251 251
73 73 73 73 73 73 73 73 73 72 73 73 72 72 72 73 74 251 251 251 251 251 251 250 250 249 248 247 247 247 247 247 248 249 250 251 252 253 253 252 253 254 254 255 256 256 255 255 255 255 254 254 254 254 255 255 254 253 253 253 253 252 251 251 251 251 251 251 251 251
74 74 73 72 72 72 73 74 74 74 74 73 72 72 73 74 251 252 251 251 251 251 251 251 250 250 248 247 248 248 248 248 248 249 250 251 252 252 254 254 254 254 254 255 256 256 255 256 255 255 255 255 255 255 255 255 255 254 253 253 253 252 252 251 251 250 250 250 250 250
73 74 74 73 74 74 74 75 75 75 74 73 73 73 73 250 251 251 252 252 251 251 251 251 251 250 249 247 247 248 249 249 248 248 249 250 251 252 253 254 255 255 255 256 257 256 257 257 256 256 256 256 256 256 256 256 255 254 253 253 252 252 251 251 250 249 250 250 250 250
74 74 74 74 74 75 76 76 75 74 74 74 74 74 74 251 251 252 252 252 252 251 251 251 251 250 249 248 248 248 249 249 247 249 249 250 251 252 253 254 254 256 257 256 257 258 258 257 257 257 257 257 256 256 257 256 255 255 254 253 253 252 251 251 249 250 250 250 250 250
75 75 75 74 74 75 76 76 76 75 75 76 76 75 74 251 252 253 251 252 252 251 251 251 250 250 249 248 248 249 248 249 249 250 250 251 251 252 253 254 255 256 257 257 257 258 258 258 257 257 257 257 257 257 257 257 256 255 254 253 253 252 252 251 250 250 250 250 250 250
74 75 76 76 76 77 76 77 77 77 77 77 76 76 251 251 252 253 253 253 253 253 251 251 250 249 248 248 248 248 249 249 251 251 251 251 251 252 253 254 256 256 257 257 257 258 259 259 258 258 258 258 257 257 257 257 256 255 255 254 253 252 252 251 251 249 249 250 250 250
75 75 76 77 77 77 77 77 78 78 77 77 76 76 251 252 253 253 253 253 253 253 252 251 250 248 247 248 249 248 248 250 250 251 252 252 252 252 253 254 255 255 256 257 257 257 259 259 259 258 258 258 257 257 257 257 256 256 255 254 253 252 252 251 251 250 249 250 250 250
77 77 77 77 78 78 77 78 78 77 77 77 76 76 252 252 253 254 253 253 253 253 253 252 251 249 249 248 248 249 249 250 251 252 253 252 251 253 254 254 255 256 256 256 257 257 259 259 259 259 258 258 257 257 257 257 256 255 255 254 254 253 252 252 251 251 251 251 250 251
77 77 77 78 78 79 79 78 79 78 78 77 78 253 252 253 254 254 254 254 253 254 253 252 251 250 250 249 249 250 250 250 251 252 253 252 252 252 254 254 254 255 256 257 257 258 259 259 259 259 259 259 258 257 257 257 256 256 255 254 254 253 253 252 252 251 251 251 251 251
77 78 78 78 79 80 79 80 80 79 79 79 79 254 254 254 254 255 255 255 256 255 253 252 252 252 250 250 250 250 251 251 252 252 253 253 252 252 254 255 254 254 256 257 257 258 258 259 260 259 258 259 258 257 257 257 256 255 255 255 254 253 253 252 252 252 251 251 251 250
78 78 78 79 79 80 80 80 80 80 80 79 80 255 254 254 255 256 256 255 255 255 255 253 253 252 251 251 250 251 251 252 252 252 253 254 253 253 254 255 254 256 257 257 257 258 258 259 260 260 260 259 258 258 258 257 256 256 256 255 254 254 253 253 252 252 251 251 252 251
78 79 80 80 80 81 81 81 80 81 80 80 255 256 255 256 255 256 257 255 256 255 255 255 254 253 251 252 251 251 251 252 252 253 254 254 254 254 255 256 255 257 257 257 258 258 258 259 259 260 260 259 259 258 258 258 257 257 256 256 254 254 254 253 253 252 252 252 252 251
79 79 79 80 80 80 80 81 81 81 81 81 255 256 256 256 255 256 256 256 256 254 253 253 253 253 252 252 252 252 252 253 252 253 254 254 255 254 254 256 256 257 257 258 258 259 258 259 259 259 260 260 259 259 258 258 258 257 257 256 255 254 254 254 252 253 252 252 252 252
80 80 81 80 80 81 81 81 82 82 82 255 255 256 256 256 256 256 255 255 254 254 254 254 253 253 253 253 252 252 253 253 253 253 254 254 255 256 256 256 257 257 257 258 258 259 259 259 259 259 260 260 260 259 259 259 257 258 257 256 255 255 254 254 253 253 253 253 252 253
80 80 81 81 81 81 82 83 83 83 83 256 256 257 257 257 257 257 257 256 255 255 254 254 253 253 253 253 253 253 254 254 254 254 255 255 255 256 256 257 257 257 257 258 259 259 259 260 260 260 260 261 260 260 259 259 258 258 257 257 255 255 255 254 253 253 253 253 253 253
82 82 82 82 82 82 82 82 83 83 256 256 257 257 258 258 259 258 257 256 256 256 256 255 255 254 254 254 254 255 254 254 254 255 256 255 256 256 257 257 257 258 258 258 259 259 259 260 260 260 260 261 260 260 259 259 259 258 258 257 256 256 255 254 254 254 253 254 254 253
82 83 83 83 83 82 82 83 82 255 255 257 257 258 259 259 259 257 257 257 256 257 257 256 255 255 255 256 255 255 255 255 255 255 255 257 257 257 257 257 258 258 258 258 259 259 260 260 260 261 260 260 260 260 260 259 259 258 258 258 257 256 255 255 254 253 254 255 254 254
82 82 83 84 84 83 83 257 257 257 257 257 257 258 259 260 260 258 258 258 258 257 257 257 257 257 257 257 257 257 256 256 255 255 256 257 257 257 257 258 258 258 258 259 259 259 260 260 260 261 260 261 260 260 260 259 259 259 258 258 256 256 256 255 255 254 253 255 254 254
83 83 83 84 85 85 85 258 258 258 258 258 258 258 259 261 261 260 260 260 259 258 257 258 257 257 257 258 258 258 257 257 256 256 257 258 258 258 258 258 259 259 259 259 259 259 259 260 260 260 261 260 260 260 260 259 259 259 258 257 257 257 256 256 255 254 254 256 255 254
84 85 85 86 86 86 258 258 258 258 259 259 259 259 261 261 262 262 261 261 261 260 258 258 258 257 257 259 259 259 259 258 257 258 258 258 258 258 259 258 259 259 259 259 259 259 259 260 260 260 260 260 260 260 260 259 259 259 258 258 257 257 256 256 255 255 255 256 255 255
84 85 85 85 85 258 257 258 258 258 259 259 258 260 261 261 262 263 262 262 261 260 258 258 259 259 259 260 260 260 259 258 259 259 259 259 259 259 258 259 259 259 259 259 259 259 260 260 260 260 260 260 259 259 259 260 259 259 259 258 257 257 257 256 256 255 254 257 256 255
