layers/bio8.asc
NCOLS 292 
NROWS 290 
XLLCORNER -87.625 
YLLCORNER 24.5 
CELLSIZE 0.0416666666666667 
NODATA_value -1.7e+308 
[rows 93 to 123 of 290, columns 70 to 139 of 292]
95 96 97 97 97 97 98 99 98 98 98 99 100 100 100 100 101 100 99 100 100 101 102 103 104 104 105 105 103 104 103 102 101 102 101 102 102 102 102 102 102 102 102 101 101 101 101 101 102 102 262 262 263 263 263 262 262 263 263 263 262 262 262 263 263 263 264 264 264 264
96 96 97 97 96 97 97 98 97 98 98 100 100 100 102 102 101 101 100 101 100 101 102 102 103 104 105 106 104 104 104 103 102 102 102 103 102 102 102 102 102 102 103 102 102 102 101 102 102 103 263 262 262 263 263 263 263 263 264 263 263 263 263 263 263 264 264 264 265 265
99 99 99 99 99 98 98 99 99 99 99 100 101 102 102 103 102 100 101 101 101 102 103 103 104 104 105 106 105 105 104 103 102 103 103 103 103 103 103 102 102 102 103 103 103 103 103 102 103 263 264 263 263 263 264 264 263 264 264 264 264 264 264 264 263 263 263 264 264 265
101 100 100 100 100 98 97 99 100 99 98 99 99 101 102 103 103 102 101 101 102 103 104 103 104 105 105 106 106 105 104 104 103 103 103 103 103 103 103 103 103 103 103 103 103 103 103 104 103 263 264 264 264 265 264 264 264 264 265 265 264 265 265 265 264 264 264 264 265 265
102 102 101 100 100 99 97 99 100 101 99 99 100 101 102 103 104 102 102 102 103 104 104 104 105 105 106 106 107 106 105 105 104 104 104 104 104 104 104 104 104 104 103 104 104 104 104 104 263 263 263 264 264 265 265 264 265 264 265 265 265 265 266 266 265 265 264 265 265 265
101 101 101 100 100 100 98 99 99 100 101 101 101 102 103 103 104 103 103 104 104 105 105 105 105 106 106 105 107 107 106 105 105 105 105 105 105 105 105 104 105 105 104 104 105 105 105 104 264 263 263 264 265 265 266 265 265 266 265 265 266 266 266 266 266 266 266 265 265 265
103 103 102 101 100 101 100 101 100 101 101 103 103 103 103 104 104 103 103 104 104 105 106 106 106 107 107 107 107 107 106 106 106 106 106 105 105 105 105 105 105 105 105 105 105 106 106 264 265 264 264 264 265 265 265 266 266 266 266 266 266 267 267 267 267 266 267 266 266 265
102 102 101 100 100 101 102 101 102 102 103 103 104 103 104 105 104 104 104 104 105 105 106 105 107 107 107 108 108 107 106 106 106 106 106 106 105 105 105 105 105 105 105 106 106 106 107 265 265 265 264 264 265 266 265 265 266 267 266 267 266 267 268 267 267 267 267 266 266 266
102 100 101 101 101 102 102 102 101 102 102 103 103 104 105 105 105 105 105 105 105 104 105 105 106 106 107 107 108 107 107 107 107 107 107 107 106 105 105 105 105 105 105 106 106 107 265 266 265 266 265 265 265 265 266 266 265 266 267 267 267 267 268 268 267 268 267 267 267 266
103 101 103 103 101 102 102 103 103 103 103 104 104 104 105 106 106 105 106 106 106 105 106 107 107 108 108 108 108 108 108 108 108 108 107 107 107 107 106 106 106 106 106 106 107 108 265 266 266 266 265 265 266 266 266 266 266 267 267 268 267 267 267 268 268 268 267 267 267 267
103 102 103 103 102 102 102 102 102 102 103 103 104 104 105 106 107 106 106 106 106 106 106 107 108 108 108 108 108 109 109 109 109 108 108 107 108 107 107 107 107 107 107 107 265 265 265 265 265 266 266 266 265 265 265 266 266 267 267 268 267 267 267 267 268 268 267 267 267 267
103 103 104 104 103 103 103 102 102 102 102 103 104 105 106 107 107 107 106 107 107 107 107 108 108 108 109 108 109 110 110 110 109 109 108 107 108 108 107 107 108 108 266 266 265 265 265 266 266 266 266 266 265 265 265 266 266 267 268 267 267 267 267 267 268 268 268 267 267 268
103 104 104 104 103 103 102 103 103 103 103 103 104 105 105 106 107 107 107 108 107 107 108 108 108 108 109 109 109 109 110 110 110 109 109 108 108 109 109 266 108 266 266 266 266 265 265 265 266 266 266 266 265 265 266 266 266 267 268 267 268 267 267 267 268 268 268 268 268 268
103 104 105 104 104 104 103 103 104 104 104 104 105 105 105 106 108 107 108 108 108 108 108 108 108 109 109 110 110 110 111 111 111 110 110 109 108 109 267 266 267 266 266 265 265 265 266 266 265 266 266 266 265 266 266 266 266 266 266 267 268 267 267 267 267 267 268 268 268 268
104 104 105 106 105 104 104 104 104 104 105 105 105 105 106 106 107 109 109 109 109 109 109 108 108 109 109 109 110 110 111 111 111 111 110 110 267 266 267 266 266 266 266 266 265 266 265 265 265 266 267 265 265 266 266 266 266 267 266 267 268 268 267 267 267 267 268 268 267 267
105 105 106 107 107 105 105 104 104 105 105 106 105 106 107 108 108 109 109 109 109 109 109 109 109 109 109 109 109 110 111 111 111 112 111 110 267 266 266 266 266 266 266 266 266 266 265 265 265 266 266 266 265 265 265 266 266 266 267 266 267 267 267 267 267 267 267 267 267 268
107 106 106 106 107 107 106 105 105 105 106 107 106 107 108 109 110 110 110 110 110 110 110 110 110 109 109 109 110 110 110 111 111 112 112 268 267 266 266 266 266 266 266 265 265 265 265 265 265 265 266 266 265 265 266 266 266 266 266 266 267 268 267 267 267 268 267 267 268 268
108 106 107 107 107 107 107 107 106 107 107 108 108 108 109 109 110 110 111 111 110 111 111 110 109 109 110 109 110 110 110 111 111 111 112 268 268 267 266 266 266 266 266 265 265 266 265 266 265 264 265 266 266 266 266 266 266 266 266 266 267 268 267 268 267 268 268 268 268 268
108 108 108 108 108 108 108 109 108 108 108 108 109 109 109 110 111 111 111 111 112 111 111 110 110 109 109 110 110 110 110 111 111 111 268 269 268 267 266 266 266 266 266 266 266 265 265 265 265 265 265 265 265 265 266 266 267 267 267 267 267 268 267 268 267 268 267 268 268 268
109 109 109 109 108 109 109 110 110 109 109 110 110 110 111 111 111 111 112 112 112 112 111 110 110 110 110 110 110 110 110 111 267 268 268 268 269 268 267 266 266 266 266 266 266 265 265 265 265 264 264 264 264 265 265 265 265 265 266 266 266 268 268 268 268 268 268 268 268 268
110 110 110 110 110 110 110 110 110 110 111 111 112 111 111 111 112 112 113 113 112 112 111 111 111 111 110 110 111 111 111 267 267 268 268 268 268 268 268 267 266 266 266 266 266 266 266 265 264 264 264 264 264 264 264 265 265 265 266 265 266 267 267 268 268 268 269 268 268 268
111 112 111 112 111 111 111 110 111 112 112 112 112 113 112 113 113 113 113 113 113 113 112 111 111 111 111 110 111 266 266 265 267 268 268 268 268 268 268 268 267 267 266 266 266 266 265 264 264 264 264 264 264 264 265 265 265 265 265 265 265 266 266 267 268 268 269 268 268 268
112 112 113 113 113 113 112 112 112 113 113 113 113 114 114 113 114 113 113 114 113 112 112 111 112 111 112 111 112 266 266 266 266 267 267 267 267 268 267 267 267 267 267 266 266 265 264 264 264 265 265 265 265 265 265 265 265 265 265 265 265 265 266 266 266 267 268 268 268 268
114 113 113 114 114 114 114 114 113 114 114 114 114 115 114 114 114 114 114 114 114 113 112 111 112 112 112 113 266 266 266 266 266 266 266 267 267 267 267 266 266 266 266 265 265 265 264 264 264 264 265 265 265 265 265 265 264 265 265 265 265 265 266 266 266 266 267 267 268 268
114 114 115 115 115 115 115 115 115 115 115 115 116 116 115 115 115 115 115 115 114 114 112 112 113 112 112 265 265 266 266 266 266 266 266 266 267 266 265 266 266 265 265 265 265 265 265 265 265 264 264 265 265 265 265 265 264 265 265 265 265 265 266 265 266 267 267 267 267 267
115 115 116 116 115 116 116 116 116 116 116 116 117 116 116 116 117 116 116 115 115 114 114 113 265 265 265 264 264 265 266 266 266 266 266 266 267 266 265 265 266 265 265 265 265 265 265 265 265 265 265 265 265 265 265 266 265 265 265 265 265 266 266 265 266 266 266 267 267 267
117 117 117 117 117 117 117 117 117 117 117 117 118 118 118 118 117 117 116 115 115 265 114 265 265 265 264 264 264 264 265 266 266 266 266 266 266 266 266 265 266 265 266 266 265 265 265 265 265 265 265 265 265 265 265 265 266 266 266 266 266 266 266 265 265 266 266 267 267 268
118 118 118 117 118 118 118 118 117 118 118 118 118 118 118 118 118 117 267 266 265 265 264 265 265 265 264 264 264 264 265 265 266 266 266 266 266 266 266 266 266 265 265 265 266 265 265 265 265 265 265 266 266 266 266 265 266 266 266 266 266 266 265 265 266 266 267 266 267 267
118 118 118 119 119 119 119 119 118 119 119 119 119 118 119 269 269 268 267 266 265 265 265 265 265 265 264 264 263 264 264 265 266 266 266 266 266 266 266 266 266 266 266 266 265 266 266 266 266 266 266 266 267 267 266 266 266 266 266 266 266 266 266 266 266 266 267 267 267 267
119 119 120 119 119 119 120 119 119 119 119 119 120 119 119 268 268 267 266 266 266 266 265 264 265 265 264 264 263 264 265 265 266 266 266 266 266 266 266 266 266 266 266 266 265 265 266 266 265 266 266 267 267 267 267 267 266 266 266 267 267 267 266 266 266 267 267 267 267 267
119 120 120 120 120 120 120 120 120 120 120 120 120 120 268 268 268 267 266 265 266 266 266 265 265 265 264 264 264 264 264 265 266 266 266 266 266 266 266 267 266 267 266 266 266 266 266 266 266 266 266 267 267 267 267 267 267 266 267 267 267 266 266 266 266 266 266 266 267 267
