layers/bio8.asc
NCOLS 292 
NROWS 290 
XLLCORNER -87.625 
YLLCORNER 24.5 
CELLSIZE 0.0416666666666667 
NODATA_value -1.7e+308 
[rows 0 to 30 of 290, columns 140 to 209 of 292]
-1.7e+308 -1.7e+308 162 161 168 172 175 177 178 179 181 181 181 182 183 184 183 182 185 184 183 -1.7e+308 -1.7e+308 -1.7e+308 -1.7e+308 -1.7e+308 -1.7e+308 -1.7e+308 -1.7e+308 -1.7e+308 -1.7e+308 -1.7e+308 -1.7e+308 -1.7e+308 -1.7e+308 -1.7e+308 -1.7e+308 -1.7e+308 -1.7e+308 -1.7e+308 -1.7e+308 -1.7e+308 -1.7e+308 -1.7e+308 -1.7e+308 -1.7e+308 -1.7e+308 -1.7e+308 -1.7e+308 -1.7e+308 -1.7e+308 -1.7e+308 -1.7e+308 -1.7e+308 -1.7e+308 -1.7e+308 -1.7e+308 -1.7e+308 -1.7e+308 -1.7e+308 -1.7e+308 -1.7e+308 -1.7e+308 -1.7e+308 -1.7e+308 -1.7e+308 -1.7e+308 -1.7e+308 -1.7e+308 -1.7e+308
-1.7e+308 -1.7e+308 171 167 170 174 178 176 178 180 181 180 177 180 179 177 179 182 184 182 182 201 204 204 206 207 209 210 211 209 204 205 209 210 211 212 212 211 211 211 212 213 214 215 214 214 228 217 237 237 239 240 240 239 241 240 241 243 244 244 244 243 242 241 241 241 241 242 241 240
-1.7e+308 -1.7e+308 172 173 172 176 179 175 179 177 179 180 177 173 172 176 180 182 184 183 190 200 204 206 208 209 209 212 212 210 207 210 210 212 213 213 213 212 212 213 212 213 214 216 216 217 237 239 239 239 239 239 239 241 241 241 243 243 243 243 243 243 242 242 242 241 241 241 240 240
-1.7e+308 -1.7e+308 172 176 173 170 175 172 176 178 180 178 177 174 171 173 177 180 182 186 200 203 206 207 209 210 211 210 212 212 211 212 211 212 213 215 215 214 214 215 214 216 217 218 219 219 220 240 238 238 238 238 240 241 242 242 242 243 242 243 243 243 243 242 242 240 240 240 239 240
-1.7e+308 -1.7e+308 174 165 168 164 172 174 176 179 175 176 177 175 183 192 194 198 188 186 201 205 208 208 209 211 212 210 212 214 214 214 213 212 211 211 208 213 216 217 217 218 220 221 240 221 239 239 238 237 239 239 240 241 242 241 242 242 243 243 242 242 242 241 241 240 238 238 238 239
-1.7e+308 -1.7e+308 164 159 168 166 172 173 178 178 180 182 185 189 196 200 204 205 204 204 207 208 209 210 210 212 213 212 213 215 215 213 215 214 214 215 215 215 217 219 220 220 221 220 220 239 239 239 239 238 239 239 241 242 241 241 242 242 242 243 242 242 241 241 241 240 239 239 239 239
174 163 161 165 174 174 177 177 178 177 184 196 198 200 199 203 206 207 208 206 208 209 210 212 213 213 214 214 215 216 216 216 217 217 216 217 218 218 220 221 222 222 221 238 239 239 238 238 239 240 240 240 241 242 241 241 241 241 242 243 242 242 241 241 240 240 239 239 240 240
180 166 166 173 176 177 177 175 177 183 191 203 203 199 206 207 208 209 209 209 210 212 213 214 215 215 216 217 217 217 218 219 219 218 217 218 221 222 223 223 222 222 239 239 239 239 239 240 240 240 241 241 241 241 241 241 242 242 242 241 241 241 241 241 240 240 240 240 241 240
181 172 169 176 174 180 177 180 192 193 201 200 206 209 209 209 209 210 211 212 213 214 215 214 214 215 215 216 216 217 218 219 221 219 220 221 222 223 223 223 222 223 240 239 240 240 241 241 241 241 241 241 241 242 242 243 243 243 243 241 241 241 240 240 239 240 240 240 241 241
178 174 170 174 175 190 195 193 195 203 203 209 208 208 210 211 212 213 213 213 213 212 211 213 213 215 217 217 217 219 219 220 222 221 222 223 223 223 223 223 223 242 240 240 240 241 241 241 242 242 242 242 243 243 243 243 243 244 243 242 242 241 240 240 240 240 240 240 241 241
173 172 169 172 176 185 198 203 203 204 210 212 211 212 213 214 212 210 209 209 211 212 214 214 216 217 218 219 219 220 221 222 223 223 224 224 224 224 224 224 224 241 241 242 242 242 242 241 242 242 242 243 243 243 244 244 244 244 243 243 242 241 241 241 240 241 241 241 242 243
170 184 192 183 193 197 204 202 206 209 213 213 214 211 213 209 206 208 209 210 211 213 215 216 216 218 219 220 221 222 223 223 223 224 225 225 225 226 226 225 242 241 242 242 242 242 242 242 242 243 243 243 243 243 243 244 226 245 244 243 242 241 241 241 240 241 241 240 241 243
189 200 204 202 199 198 203 206 214 212 212 210 214 210 208 202 200 204 208 213 215 216 216 216 218 217 219 220 221 222 223 225 224 225 226 226 227 227 227 227 243 243 243 243 243 242 243 243 243 243 244 243 244 244 244 244 245 245 245 243 242 241 241 241 241 240 241 242 243 244
198 198 206 209 204 205 213 212 212 213 212 207 206 208 206 208 210 211 212 214 214 216 216 217 219 219 220 221 222 223 224 224 226 226 227 228 228 228 228 227 244 244 244 244 244 244 243 243 243 244 244 244 244 244 244 245 245 245 244 243 242 241 240 240 241 241 242 242 243 244
202 198 211 212 210 213 212 210 214 210 207 207 213 214 214 212 214 214 214 214 215 217 218 218 219 221 220 221 223 224 225 224 226 227 227 228 228 228 228 228 245 246 245 245 246 245 244 244 243 243 244 244 243 244 244 244 244 244 244 243 242 242 241 241 241 242 243 245 244 245
199 207 215 215 214 216 218 217 210 210 211 214 215 217 216 215 216 216 216 217 218 219 220 220 220 221 222 222 222 224 225 226 226 227 228 228 228 228 229 229 229 246 245 245 246 246 245 244 243 243 244 243 243 244 243 243 241 242 244 244 243 242 242 242 242 243 245 246 246 246
207 215 216 216 217 219 217 213 215 217 215 217 213 217 217 217 216 218 218 219 220 220 220 221 222 222 222 223 223 224 225 226 227 228 229 229 229 229 230 230 246 246 246 246 246 245 245 245 244 243 243 243 243 243 242 242 243 243 243 243 243 243 243 243 244 244 246 247 246 247
216 218 217 218 220 217 218 218 218 218 219 219 218 218 220 219 218 219 219 219 220 220 220 221 222 222 224 224 225 225 226 228 227 228 228 229 230 230 230 229 229 245 246 247 246 245 245 245 244 243 243 244 243 242 242 242 242 242 243 243 244 244 244 242 243 243 246 247 247 247
217 218 219 219 219 219 219 220 220 221 221 221 221 221 221 221 221 220 220 220 220 221 221 221 221 222 223 224 225 226 226 227 227 227 228 229 230 230 230 229 246 247 248 249 247 247 246 245 245 244 244 244 242 242 242 242 241 241 242 243 243 244 244 243 244 245 247 248 247 247
217 219 219 220 219 220 220 221 222 222 222 221 221 221 221 221 222 221 221 220 221 221 221 222 223 223 224 225 225 226 227 227 227 228 229 230 230 230 229 228 247 248 249 249 248 247 247 246 246 245 245 245 243 242 241 241 241 241 241 242 243 243 244 245 244 245 248 247 247 247
219 220 219 219 214 217 216 219 222 222 222 221 222 223 223 223 223 223 223 222 222 222 223 223 224 224 225 225 226 226 226 227 228 228 229 230 230 229 229 246 247 247 248 249 249 248 247 245 245 246 246 246 244 242 241 240 241 242 241 242 243 244 244 244 246 246 248 248 248 247
218 218 218 216 216 217 218 221 221 223 224 224 224 223 222 224 223 223 223 224 223 223 223 223 224 224 225 226 226 225 227 228 228 229 229 230 230 230 247 247 247 247 249 250 250 249 246 245 245 245 246 246 244 243 242 240 241 242 243 244 245 245 245 245 246 248 248 248 248 248
216 209 209 214 216 218 220 221 221 222 224 225 224 224 223 223 223 223 223 224 225 224 224 224 224 225 225 226 226 226 227 227 228 229 229 230 248 247 247 248 247 248 249 250 249 247 245 245 246 246 245 246 245 244 243 242 242 243 243 244 245 246 245 246 247 248 248 248 249 248
125 121 123 204 215 218 221 222 222 223 224 225 225 225 225 224 223 224 225 225 226 226 225 224 225 226 226 226 226 227 226 227 227 228 247 248 248 248 248 248 247 248 249 250 248 245 246 245 245 246 246 247 246 245 244 244 244 245 245 245 246 247 247 247 249 250 249 249 249 248
212 210 206 206 216 219 220 221 223 223 224 226 226 226 225 225 223 225 226 227 227 226 226 226 226 227 225 226 227 227 227 227 245 246 247 247 247 248 247 247 246 246 248 250 247 245 246 246 246 247 247 246 247 246 245 245 245 246 247 248 248 248 248 248 249 249 250 249 248 247
219 220 220 221 221 222 223 222 223 225 225 227 227 226 225 226 226 227 227 227 227 228 227 227 227 228 227 228 227 228 228 245 246 246 246 246 247 248 248 247 247 246 248 249 246 246 246 246 246 247 248 248 247 247 247 246 246 247 248 248 248 248 248 248 249 249 249 249 248 248
218 221 223 223 223 224 224 224 224 225 226 227 227 226 226 227 227 228 228 228 229 228 228 229 228 229 229 229 229 247 247 246 246 246 246 247 247 247 247 248 248 248 250 249 247 246 247 247 247 248 247 248 247 248 248 248 248 248 249 248 248 247 248 247 247 247 248 249 250 249
214 220 222 223 224 225 224 225 224 225 226 227 227 227 227 227 66 66 66 66 247 229 247 248 248 248 248 248 248 249 248 247 247 248 247 247 247 247 246 247 248 248 250 248 245 247 248 248 247 247 248 248 248 248 247 248 249 249 249 248 248 247 247 247 248 248 247 248 249 249
220 222 222 223 223 243 242 242 224 243 226 226 227 67 67 67 66 67 67 67 67 67 247 248 248 249 249 249 249 249 248 248 248 248 248 247 248 248 247 247 248 249 250 247 247 248 249 248 247 248 248 248 248 247 247 249 249 249 248 248 247 247 248 249 249 250 249 249 250 250
223 224 224 224 242 243 243 243 243 243 243 243 244 67 68 68 67 68 68 68 68 67 67 248 248 249 250 250 249 249 249 248 249 247 249 248 247 248 248 248 249 251 248 247 248 248 249 249 248 248 248 248 247 248 249 249 249 247 247 248 248 248 249 250 249 250 250 251 251 251
224 224 225 243 243 244 243 243 244 244 243 67 67 68 68 69 68 68 70 69 69 68 67 248 249 249 249 250 250 249 249 249 248 248 248 249 249 249 248 249 250 250 248 248 249 250 250 249 247 247 247 247 248 249 249 248 248 247 248 249 250 249 249 249 250 250 249 249 250 251
