layers/bio9.asc
NCOLS 292 
NROWS 290 
XLLCORNER -87.625 
YLLCORNER 24.5 
CELLSIZE 0.0416666666666667 
NODATA_value -1.7e+308 
[rows 31 to 61 of 290, columns 70 to 139 of 292]
-1.7e+308 -1.7e+308 -1.7e+308 -1.7e+308 -1.7e+308 -1.7e+308 -1.7e+308 -1.7e+308 -1.7e+308 -1.7e+308 -1.7e+308 -1.7e+308 -1.7e+308 -1.7e+308 -1.7e+308 -1.7e+308 150 152 161 168 165 162 166 165 168 165 158 156 125 132 133 133 127 117 120 116 128 125 125 116 109 109 105 111 113 122 124 131 134 134 129 130 131 133 134 50 53 57 55 55 152 154 154 155 156 156 154 66 155 155
-1.7e+308 -1.7e+308 -1.7e+308 -1.7e+308 -1.7e+308 -1.7e+308 -1.7e+308 -1.7e+308 -1.7e+308 -1.7e+308 181 183 168 169 172 163 161 159 162 165 124 126 166 164 158 164 156 148 166 131 132 135 132 127 115 112 116 121 119 121 119 116 112 120 122 121 129 136 132 132 132 126 128 43 133 135 51 140 147 154 154 154 155 155 155 155 156 156 156 156
-1.7e+308 -1.7e+308 -1.7e+308 -1.7e+308 -1.7e+308 -1.7e+308 -1.7e+308 -1.7e+308 -1.7e+308 -1.7e+308 189 185 181 136 132 130 129 167 132 136 135 134 126 157 160 160 145 148 163 124 128 134 135 131 123 154 155 158 152 155 111 113 122 125 126 130 135 133 123 128 129 25 131 133 135 136 139 48 145 154 155 157 157 156 155 155 155 156 156 156
-1.7e+308 -1.7e+308 -1.7e+308 -1.7e+308 -1.7e+308 -1.7e+308 -1.7e+308 -1.7e+308 -1.7e+308 -1.7e+308 187 140 140 139 135 136 131 135 136 129 167 161 156 146 158 160 151 151 167 131 131 134 132 131 124 156 150 156 154 156 155 155 122 125 131 135 132 126 125 127 127 133 140 145 147 149 138 142 152 156 157 157 156 156 157 156 156 156 155 155
-1.7e+308 -1.7e+308 -1.7e+308 -1.7e+308 -1.7e+308 -1.7e+308 -1.7e+308 -1.7e+308 -1.7e+308 -1.7e+308 184 136 137 139 139 138 137 137 136 128 171 169 166 167 167 157 157 156 161 171 171 135 128 159 165 154 151 154 161 159 163 167 173 134 135 128 129 128 171 134 136 150 152 152 154 153 155 155 156 156 157 158 158 157 157 157 157 157 156 155
-1.7e+308 -1.7e+308 -1.7e+308 -1.7e+308 -1.7e+308 -1.7e+308 -1.7e+308 -1.7e+308 -1.7e+308 -1.7e+308 177 178 138 137 138 137 138 138 138 135 134 136 133 130 163 158 158 150 153 151 170 135 130 166 156 156 155 163 166 162 163 131 142 146 134 136 171 133 145 153 154 154 156 155 155 156 158 156 156 158 157 157 157 157 157 157 157 158 157 156
-1.7e+308 -1.7e+308 -1.7e+308 -1.7e+308 -1.7e+308 -1.7e+308 -1.7e+308 -1.7e+308 -1.7e+308 181 178 181 136 138 139 136 136 136 137 134 134 135 136 134 132 131 164 153 149 150 162 175 172 158 161 168 167 170 171 167 132 144 149 147 144 146 140 145 154 156 157 158 157 157 156 157 158 159 158 159 158 158 158 158 158 158 158 157 158 157
195 195 190 183 170 182 186 188 187 185 184 183 138 137 138 137 132 133 136 136 134 135 136 133 167 165 164 168 160 163 172 178 174 159 170 178 177 174 176 177 143 150 154 154 154 153 154 154 155 156 157 158 158 157 157 158 158 159 159 160 159 159 159 159 158 158 159 158 158 159
193 190 183 177 174 183 187 186 187 187 185 184 181 135 137 137 136 133 173 130 135 174 134 133 176 176 169 171 174 175 173 179 169 169 175 137 140 139 139 148 153 152 155 158 156 154 156 156 157 155 157 158 159 158 158 154 159 159 159 159 160 160 160 160 159 159 159 159 159 159
190 181 174 166 174 182 184 184 186 187 187 185 184 135 134 136 136 134 132 175 130 162 175 133 171 166 172 177 180 174 173 179 176 138 141 143 143 141 145 154 154 155 156 158 159 156 157 158 158 157 158 159 160 160 159 158 159 160 160 160 160 160 160 160 160 159 160 160 159 158
186 173 171 175 170 172 178 183 185 185 187 184 181 178 181 135 136 137 135 134 173 162 170 177 171 165 175 183 179 178 183 140 143 140 145 145 145 146 146 154 155 157 158 159 158 156 158 160 159 159 159 160 161 161 160 160 160 160 160 161 161 160 161 161 161 161 159 159 160 160
198 192 184 185 183 175 183 186 184 178 184 182 177 176 176 175 178 177 179 136 134 168 166 169 163 168 178 183 182 178 140 140 145 148 146 145 147 146 151 155 156 157 159 160 159 158 159 160 160 160 160 160 161 162 161 161 161 160 160 161 161 161 160 161 161 161 160 159 159 160
183 181 189 190 187 187 190 188 179 173 182 183 181 176 175 173 170 165 171 179 175 170 177 173 172 182 142 180 181 179 141 143 146 149 147 149 151 150 156 156 157 158 160 161 159 160 160 160 161 161 161 161 162 161 162 161 162 161 161 161 161 161 161 161 161 161 161 160 160 160
191 184 191 192 190 192 192 182 169 172 178 182 179 179 177 178 172 168 166 170 168 170 181 139 142 144 143 141 182 181 141 145 150 149 150 153 156 156 157 158 158 159 160 161 162 161 161 161 161 161 161 161 162 162 162 161 162 162 161 161 161 161 162 161 160 160 161 161 161 160
196 189 193 194 193 194 190 185 182 186 181 175 173 173 172 177 170 173 180 181 180 175 141 144 147 146 142 144 146 146 147 149 155 156 155 157 159 159 158 159 159 159 159 161 163 161 162 162 162 162 162 161 162 162 162 161 162 162 161 161 160 161 162 162 161 161 160 160 161 161
198 196 196 195 194 192 192 191 188 187 182 176 169 172 179 176 180 182 184 142 141 139 143 141 145 148 146 148 148 148 148 150 152 158 160 160 160 159 159 159 160 160 161 161 163 162 162 162 162 162 162 162 162 162 163 162 162 163 162 161 161 161 160 161 161 161 161 161 160 160
205 199 197 193 195 192 191 189 186 185 180 174 177 184 188 188 189 142 188 143 144 145 145 145 147 148 148 148 149 148 149 150 155 159 160 161 161 161 161 159 159 161 162 163 163 162 162 162 162 163 162 162 162 162 163 162 162 162 162 162 161 161 160 161 161 161 161 162 162 162
202 201 198 196 197 193 189 184 178 183 184 183 186 188 190 192 193 146 145 192 146 145 144 147 148 149 149 149 149 149 150 153 157 158 159 160 161 162 161 161 159 161 162 162 163 163 163 163 163 162 162 163 162 162 163 163 162 162 162 163 162 162 161 160 160 160 161 161 161 161
200 198 200 199 198 196 191 187 178 182 190 190 192 190 191 193 194 147 147 146 146 144 146 147 149 150 149 148 147 150 154 156 159 160 160 161 161 162 163 162 161 162 163 163 163 164 163 163 162 162 163 163 162 162 162 162 163 162 163 163 162 162 160 160 161 160 161 161 161 162
203 200 199 199 196 195 195 195 189 183 191 193 193 193 192 147 195 197 196 149 149 149 148 148 150 150 150 150 152 158 157 160 160 161 162 162 161 161 162 162 164 164 163 163 164 164 163 163 163 162 164 163 162 162 162 163 163 163 162 163 162 163 161 161 161 161 161 161 161 161
204 201 198 198 192 196 196 197 197 194 193 194 195 148 147 148 196 151 151 151 150 197 196 151 198 152 151 200 159 158 159 161 162 161 162 162 162 162 161 162 162 162 162 163 165 164 164 164 163 163 164 163 163 163 163 162 163 163 163 163 163 163 163 161 162 162 161 161 161 110
203 203 202 197 195 197 199 199 199 197 196 197 197 197 150 151 151 152 151 199 199 199 198 200 199 198 202 158 206 158 159 161 162 163 163 162 163 162 161 162 162 162 164 164 165 164 164 164 163 163 164 164 163 163 163 163 163 163 163 164 163 163 163 162 162 162 163 162 162 110
204 201 199 200 199 199 200 201 201 152 198 152 152 152 152 152 152 153 153 200 201 201 155 201 201 202 204 206 207 207 206 207 162 163 164 163 163 162 161 161 162 163 163 164 165 165 165 164 163 164 164 164 163 164 164 163 163 163 163 164 164 163 164 163 163 162 163 163 163 111
201 195 200 201 200 199 201 203 155 154 154 154 153 152 152 151 151 153 154 155 201 200 202 204 204 205 206 207 207 208 209 208 209 163 163 164 164 163 162 162 162 162 163 164 165 165 165 165 164 164 165 164 164 164 165 164 164 164 163 164 164 164 164 164 163 163 163 164 164 112
202 200 203 203 201 202 156 155 154 154 154 153 153 153 153 152 153 154 155 154 201 202 202 204 206 206 206 207 208 209 209 210 210 164 164 164 164 163 162 162 163 163 164 164 164 164 165 166 165 165 165 164 165 165 165 164 164 165 164 163 163 164 164 164 165 164 163 164 165 113
204 204 204 205 157 156 155 155 154 153 154 154 153 152 154 155 155 156 156 201 155 203 204 206 207 207 207 208 208 208 209 209 210 210 164 164 164 164 163 163 164 163 164 164 165 165 165 166 165 165 165 165 165 166 165 164 165 165 164 164 163 164 164 164 164 165 164 164 165 165
206 205 206 158 156 155 156 156 156 155 154 155 155 154 155 156 156 156 155 156 204 205 205 207 208 208 208 208 209 209 208 209 209 210 163 164 165 165 165 165 164 164 165 164 164 165 166 166 165 166 166 166 166 166 165 165 165 166 165 164 163 163 164 165 165 165 166 165 166 114
207 207 159 158 158 157 157 156 157 156 155 155 154 155 156 157 156 156 155 158 160 159 161 208 209 210 208 209 210 211 210 210 210 164 165 165 165 165 166 166 166 165 164 165 165 165 165 166 167 167 167 167 167 167 166 165 166 166 165 165 165 164 165 165 165 166 166 166 166 166
207 207 158 157 159 159 158 157 156 156 155 156 155 156 158 157 157 157 156 158 160 162 162 208 209 210 164 210 211 212 211 211 164 164 164 166 165 165 166 167 166 166 166 165 164 166 166 167 167 168 167 168 168 167 167 166 166 167 166 165 166 165 165 165 165 166 165 167 166 166
208 207 157 158 159 157 156 156 156 156 157 156 156 157 158 158 158 158 157 159 160 162 162 163 164 164 212 210 164 165 166 166 165 165 166 166 166 166 166 167 167 167 166 166 165 167 167 167 168 168 167 167 167 168 168 167 167 167 166 166 166 165 166 166 166 166 166 166 166 167
159 158 158 159 158 157 157 158 158 158 157 158 158 159 159 158 159 158 159 159 161 161 162 163 164 164 165 165 165 165 167 167 166 166 166 166 167 167 167 167 167 168 168 168 167 168 168 168 168 168 169 169 168 169 168 168 168 167 166 167 167 166 167 167 166 166 167 167 167 167
