layers/bio9.asc
NCOLS 292 
NROWS 290 
XLLCORNER -87.625 
YLLCORNER 24.5 
CELLSIZE 0.0416666666666667 
NODATA_value -1.7e+308 
[rows 62 to 92 of 290, columns 70 to 139 of 292]
159 158 158 158 158 158 159 159 158 158 159 159 159 159 160 160 160 159 160 160 161 162 162 163 163 164 164 165 166 167 167 167 167 167 167 167 167 168 168 167 167 168 167 168 169 169 169 169 169 169 170 170 169 169 169 169 169 168 167 168 167 167 167 167 167 167 167 167 168 168
206 160 159 158 159 159 160 160 158 159 159 159 160 161 161 161 161 160 161 162 161 163 163 164 165 165 165 165 166 167 168 168 168 167 167 167 168 167 168 167 167 167 168 168 169 169 169 168 169 170 170 170 170 169 169 170 169 168 168 168 168 168 167 168 168 168 168 169 168 168
208 209 160 159 160 161 161 161 160 160 160 160 160 161 162 162 161 161 161 162 164 163 164 165 165 166 166 166 167 167 168 168 169 168 168 167 168 168 167 168 168 169 169 170 168 169 168 168 169 170 169 170 169 171 170 170 169 169 168 169 169 168 169 169 169 169 169 169 168 168
209 210 161 161 161 162 163 162 161 161 161 160 160 161 162 162 161 162 162 163 163 165 165 164 165 166 167 167 167 167 168 168 169 169 169 169 168 168 168 169 169 169 170 169 168 169 168 168 168 169 170 170 169 170 170 170 170 170 169 170 169 169 170 170 170 170 169 169 168 168
210 211 210 161 212 164 163 163 163 162 161 161 161 162 163 163 163 163 163 164 164 164 166 165 166 167 167 168 168 169 168 168 169 171 171 170 168 168 169 169 169 170 169 169 169 169 169 169 169 170 170 169 170 170 171 170 171 171 170 170 171 171 171 170 170 169 169 168 168 168
209 211 211 212 164 163 212 162 162 162 162 163 163 163 164 165 164 164 165 165 164 166 167 167 166 167 168 168 169 169 169 169 171 171 171 170 169 169 169 169 169 170 169 168 169 169 170 170 170 170 169 169 170 170 170 170 170 171 171 171 172 171 170 170 170 170 169 169 168 168
209 210 213 165 213 164 163 163 164 163 164 164 164 164 164 165 165 165 167 166 165 166 168 167 167 168 168 169 169 170 171 171 171 172 171 170 170 170 170 170 170 170 170 169 170 170 170 169 170 170 170 169 170 170 170 171 171 171 171 172 172 171 170 170 171 171 171 169 168 169
210 212 213 213 164 164 164 165 165 166 166 165 165 165 165 165 166 167 167 167 167 167 169 168 168 169 169 169 170 171 172 172 172 172 172 171 171 170 170 170 171 170 170 171 171 171 171 170 170 171 171 171 171 171 171 171 172 172 172 172 172 173 172 172 172 171 171 169 169 170
213 213 213 213 165 164 164 165 166 166 166 166 167 167 166 166 166 166 168 168 167 168 169 167 168 169 170 171 172 172 173 173 173 172 172 172 171 170 170 171 171 171 171 171 172 172 172 171 171 171 172 172 172 172 172 171 171 171 172 172 173 172 173 173 173 172 171 170 170 172
212 212 165 164 165 165 165 166 165 166 166 166 167 166 167 167 167 167 168 169 168 169 169 169 170 170 170 171 171 172 172 172 174 173 174 173 172 171 170 170 171 171 171 172 171 172 172 172 172 172 172 172 172 172 171 171 171 171 172 173 174 173 173 173 174 171 170 172 172 173
211 211 211 164 165 166 166 167 166 167 167 168 168 167 168 169 169 168 168 169 170 170 169 170 171 172 171 172 172 172 172 173 173 174 174 173 172 172 171 170 171 171 171 171 171 171 171 172 172 171 172 172 172 172 171 172 172 172 173 173 174 174 174 175 174 173 171 174 173 174
211 211 212 165 165 166 167 167 166 167 168 168 168 169 169 170 169 169 169 171 170 170 170 170 171 172 173 173 174 173 173 173 173 174 174 174 172 173 172 171 172 171 172 172 171 170 172 171 171 172 172 172 172 172 171 171 172 173 173 173 173 172 173 174 175 174 173 175 175 173
211 212 165 165 166 167 167 168 167 168 168 168 168 169 169 170 170 171 171 172 171 172 172 171 173 173 173 174 174 175 174 174 175 175 175 174 174 173 173 172 171 171 172 172 173 171 171 172 171 172 172 172 172 172 171 172 173 172 173 173 172 172 173 174 175 177 176 176 174 173
212 166 166 166 167 167 167 168 168 167 167 168 169 169 169 170 170 171 172 172 172 173 172 174 174 174 174 176 175 175 174 174 174 174 175 174 175 174 173 173 172 172 172 173 173 172 172 172 172 172 173 172 173 173 172 173 173 172 173 173 172 173 174 175 177 178 178 176 174 125
212 167 167 168 168 168 167 168 168 168 168 168 168 169 169 171 171 171 172 173 173 174 173 174 175 176 176 176 176 176 176 175 174 175 175 175 175 175 174 174 174 173 173 173 173 174 173 173 173 173 173 173 174 174 173 174 173 173 173 173 173 174 174 175 177 178 178 178 175 176
167 167 168 169 168 168 168 170 169 169 169 170 169 170 170 171 171 172 173 174 174 175 174 175 176 177 177 176 176 176 176 175 175 175 175 174 175 175 175 175 175 174 173 173 174 175 174 174 174 174 173 174 174 175 174 174 174 174 174 174 174 175 176 176 176 177 178 178 178 177
168 167 167 168 169 169 169 170 169 169 169 170 171 171 171 171 171 173 173 174 175 175 175 176 177 177 177 178 177 177 177 176 176 175 176 176 176 176 176 175 175 174 174 174 175 175 175 175 175 175 174 173 174 174 175 176 176 175 175 175 174 175 175 176 176 177 178 178 178 179
168 168 168 169 170 170 170 170 170 170 169 170 171 171 172 172 172 173 173 174 176 177 177 177 177 177 177 178 178 177 177 177 176 177 177 177 177 176 175 176 175 174 175 175 175 175 175 175 175 175 175 175 175 175 175 175 175 176 177 175 175 176 176 176 176 176 177 178 179 179
169 170 170 170 171 171 171 171 170 169 169 170 171 172 172 173 173 174 175 176 176 177 177 177 177 177 177 177 177 177 178 178 177 178 178 177 177 176 174 175 175 175 175 175 175 176 176 176 175 176 176 177 175 175 176 176 176 177 177 177 177 177 177 177 178 178 178 178 179 179
169 170 171 171 171 172 171 170 170 170 171 171 171 172 173 173 174 174 174 176 177 178 178 177 178 177 177 178 178 178 178 179 178 178 179 177 177 176 175 175 176 177 176 175 175 176 177 177 176 177 177 177 176 177 177 177 177 177 178 178 178 178 178 177 177 177 177 178 178 179
170 170 171 172 172 172 172 171 171 171 172 172 172 173 173 174 175 176 176 176 178 178 178 178 178 178 178 178 179 179 178 179 178 178 178 178 178 177 177 175 176 177 177 176 176 176 176 178 178 177 177 178 177 178 178 178 178 177 177 178 177 178 178 178 178 178 178 178 179 179
171 172 172 172 173 172 172 172 172 172 173 173 173 174 174 174 174 175 176 177 178 178 179 179 178 178 178 178 179 178 179 178 178 178 179 179 179 177 178 176 177 178 177 177 177 177 177 177 178 178 178 179 179 179 179 179 179 179 178 178 178 178 178 178 178 178 179 179 179 179
171 172 173 173 173 173 173 173 172 173 174 174 173 173 173 174 175 175 175 177 178 178 179 179 179 179 178 178 178 178 178 179 180 179 179 179 179 178 179 178 177 178 178 178 177 177 177 177 178 178 179 179 180 180 180 180 180 180 179 179 179 179 179 179 179 179 179 180 181 180
173 173 173 174 174 174 174 173 172 173 174 175 173 174 174 175 175 176 176 177 178 179 180 180 179 179 179 179 178 178 179 179 179 179 180 180 180 180 180 180 179 180 180 179 178 177 178 178 178 179 180 180 181 181 182 181 181 181 180 180 180 180 180 180 179 179 179 179 180 181
172 173 173 175 175 174 172 173 173 175 175 175 175 175 175 175 176 177 178 177 178 179 179 181 179 179 180 179 179 179 180 180 179 180 180 180 181 182 181 181 180 180 180 178 178 178 178 178 179 179 180 180 181 182 182 182 182 182 181 181 181 181 181 181 180 180 179 180 181 181
173 173 174 173 174 173 173 175 176 176 176 176 176 176 176 176 177 178 178 180 178 179 180 181 181 180 181 180 179 180 179 180 181 181 181 181 182 182 182 182 180 181 180 179 178 178 178 179 179 180 180 181 181 181 182 182 183 183 182 181 182 182 182 182 181 181 181 181 181 134
173 173 174 173 175 175 176 176 177 177 177 177 177 177 177 178 178 179 179 180 180 180 180 181 182 181 182 180 180 180 180 181 181 182 182 182 181 181 182 183 182 182 180 180 179 178 178 179 180 180 181 182 182 183 183 183 183 183 183 182 182 182 182 183 183 182 182 182 133 134
170 173 174 175 175 177 178 178 178 178 179 179 179 178 178 179 180 180 180 180 181 181 181 182 181 182 182 181 181 181 181 181 181 182 182 183 183 183 182 182 183 182 182 181 180 180 180 179 181 181 182 181 182 183 183 184 184 184 184 183 183 183 183 183 183 184 183 183 134 135
174 175 175 176 177 178 179 180 181 180 181 180 180 180 180 179 180 180 181 181 181 181 182 182 183 183 183 183 182 181 182 182 182 183 183 183 183 182 182 183 183 183 182 181 181 180 181 181 181 182 183 183 182 183 184 184 184 185 185 184 184 185 185 185 184 184 184 136 136 136
174 175 177 177 178 179 180 180 181 181 181 181 180 181 181 181 180 180 180 181 182 182 182 183 184 184 184 183 182 181 182 182 184 184 183 183 184 184 183 182 182 183 183 182 182 181 181 182 182 182 183 184 184 183 183 184 184 185 185 185 185 185 185 185 185 186 186 137 137 137
176 177 178 179 179 179 179 181 181 182 183 183 183 182 181 181 181 181 181 181 183 183 183 182 182 183 184 184 183 183 182 182 183 182 183 183 183 184 184 184 183 184 183 182 182 182 182 182 183 182 183 184 185 185 184 184 184 185 185 185 185 185 185 185 186 186 186 138 139 138
