layers/bio9.asc
NCOLS 292 
NROWS 290 
XLLCORNER -87.625 
YLLCORNER 24.5 
CELLSIZE 0.0416666666666667 
NODATA_value -1.7e+308 
[rows 62 to 92 of 290, columns 140 to 209 of 292]
168 117 117 117 118 118 118 120 120 120 120 121 122 123 123 124 125 126 127 127 126 125 124 124 124 124 125 126 127 125 124 124 125 125 125 125 125 125 125 125 125 126 126 125 126 126 126 127 127 127 128 127 128 128 129 129 129 129 129 130 129 129 130 130 130 130 129 129 129 129
169 117 117 118 118 118 118 118 119 120 121 122 123 124 125 126 127 128 128 128 128 127 126 126 126 124 125 126 127 127 124 125 126 126 125 126 125 125 126 126 126 125 126 126 127 127 127 128 128 128 129 128 128 129 129 130 130 130 130 130 130 130 130 130 130 130 130 130 130 130
168 168 168 118 118 118 118 120 120 120 121 122 123 125 125 126 126 128 129 129 128 129 128 127 127 127 126 126 128 127 126 126 127 127 127 127 127 126 127 126 126 127 127 127 126 127 127 128 128 128 129 129 129 129 130 130 131 131 130 131 131 131 131 131 131 131 131 131 131 131
168 168 168 118 118 119 120 121 121 122 123 123 124 125 124 126 126 127 128 129 129 129 129 129 128 128 128 128 128 128 127 127 127 127 127 127 127 127 126 127 127 127 127 127 127 128 128 128 128 128 129 129 129 130 130 131 131 131 131 131 131 132 131 132 132 132 132 132 132 132
169 169 118 118 119 120 122 122 122 123 124 123 124 125 124 125 125 126 127 129 129 130 129 130 130 130 129 129 129 129 128 128 128 128 127 128 128 127 128 127 127 128 128 128 128 128 128 128 129 129 129 130 130 130 131 131 131 132 132 132 132 132 132 132 132 133 133 133 132 132
169 170 170 119 121 121 121 122 123 123 124 124 125 125 125 126 126 127 128 128 128 129 129 129 130 130 131 130 130 130 128 128 128 128 128 128 128 128 127 128 128 128 128 128 128 128 129 129 129 129 130 130 130 131 131 131 131 132 132 132 133 133 133 133 133 133 133 133 133 133
170 169 171 121 122 121 122 122 124 125 125 126 126 126 126 126 127 128 127 128 129 129 129 129 130 129 130 130 131 131 129 129 129 129 129 129 128 129 128 128 128 129 129 129 129 129 129 129 129 130 130 131 131 131 132 132 132 132 133 133 133 133 133 134 134 134 134 134 133 134
171 171 120 121 122 122 122 122 123 124 125 126 127 127 127 127 128 128 129 128 128 129 129 130 129 130 130 130 131 131 131 130 129 129 129 129 129 129 129 129 129 129 129 129 129 129 129 129 129 130 131 131 131 132 132 133 133 133 133 133 134 134 134 134 134 134 135 134 134 133
171 121 121 121 122 123 123 124 124 124 125 125 126 128 129 129 128 129 129 129 129 130 130 130 130 130 131 131 131 132 132 131 131 130 130 130 129 129 129 129 129 129 129 129 130 130 131 130 130 131 131 131 132 132 133 133 133 134 134 134 134 134 135 135 135 135 135 135 135 -1.7e+308
121 121 122 122 122 123 124 124 124 126 126 126 127 127 128 129 130 130 130 130 130 131 131 130 131 131 132 132 132 132 133 132 132 131 130 130 130 130 129 129 129 130 130 130 130 130 130 131 131 132 132 132 133 133 134 134 134 134 134 135 135 135 136 135 136 136 136 136 -1.7e+308 -1.7e+308
173 121 121 122 123 125 125 126 126 126 127 127 128 128 129 130 130 131 131 131 131 131 132 131 132 132 133 132 132 132 133 133 132 132 132 131 131 131 130 130 130 131 131 131 131 131 131 131 132 133 133 134 134 134 134 135 135 135 136 135 136 136 136 136 137 137 137 -1.7e+308 -1.7e+308 -1.7e+308
172 122 122 123 123 124 125 126 127 128 128 128 129 129 130 130 130 131 131 132 133 133 132 132 133 133 133 133 133 133 133 133 133 133 133 133 132 132 131 132 132 132 132 132 132 132 132 132 133 133 134 134 135 135 135 135 136 136 136 136 137 137 137 137 138 138 -1.7e+308 -1.7e+308 -1.7e+308 -1.7e+308
123 123 123 124 125 125 125 126 128 128 129 129 130 130 131 131 131 131 132 132 132 133 134 133 134 134 134 134 134 133 134 134 134 134 133 134 133 133 133 133 133 133 133 133 133 132 133 133 134 134 135 135 135 136 137 136 137 137 137 137 137 137 137 138 138 -1.7e+308 -1.7e+308 -1.7e+308 -1.7e+308 -1.7e+308
124 124 124 126 126 126 126 127 128 128 129 129 130 131 132 132 132 132 133 133 133 134 134 134 134 134 134 134 134 134 135 134 134 135 134 134 134 134 133 133 133 133 133 133 134 134 134 135 135 135 135 136 137 137 137 138 137 138 138 138 138 138 138 138 -1.7e+308 -1.7e+308 -1.7e+308 -1.7e+308 -1.7e+308 -1.7e+308
125 124 125 126 127 127 127 127 128 128 129 130 131 131 132 133 133 133 133 134 134 134 135 134 134 135 135 135 135 135 136 136 135 135 135 135 134 134 134 134 134 134 134 134 134 135 135 136 136 136 136 137 137 138 138 138 138 138 139 138 139 139 138 139 -1.7e+308 -1.7e+308 -1.7e+308 -1.7e+308 -1.7e+308 -1.7e+308
125 126 126 128 128 128 128 128 129 129 129 130 131 131 131 132 133 133 134 134 134 135 135 135 135 135 135 136 136 137 137 137 136 136 136 136 135 135 135 135 135 135 135 135 135 136 136 136 137 137 138 138 138 138 138 139 139 139 140 139 139 139 140 -1.7e+308 -1.7e+308 -1.7e+308 -1.7e+308 -1.7e+308 -1.7e+308 -1.7e+308
127 127 128 128 128 128 129 129 130 130 131 131 132 131 132 133 133 134 135 135 135 136 136 136 135 135 136 136 137 137 137 137 137 137 136 136 136 136 135 136 136 136 136 136 136 136 137 137 138 138 138 139 139 139 139 139 140 140 140 139 140 140 140 -1.7e+308 -1.7e+308 -1.7e+308 -1.7e+308 -1.7e+308 -1.7e+308 -1.7e+308
179 129 129 129 128 129 130 130 131 131 131 132 132 132 133 134 134 135 135 136 136 136 136 136 136 136 136 137 137 137 137 138 138 138 137 137 136 136 136 136 136 137 137 137 137 138 138 138 139 139 139 140 140 140 140 141 140 140 140 140 141 141 141 -1.7e+308 -1.7e+308 -1.7e+308 -1.7e+308 -1.7e+308 -1.7e+308 -1.7e+308
130 129 129 129 129 130 131 131 132 132 132 133 133 133 133 134 135 135 136 136 136 136 136 136 136 137 137 137 137 137 138 138 138 138 137 137 137 137 137 137 137 138 137 138 138 138 139 139 140 140 140 140 141 141 141 141 141 141 141 141 142 142 142 -1.7e+308 -1.7e+308 -1.7e+308 -1.7e+308 -1.7e+308 -1.7e+308 -1.7e+308
131 131 130 130 131 130 131 132 132 132 133 134 134 134 134 135 135 136 136 136 136 136 136 137 137 137 137 137 137 138 138 138 138 138 138 138 138 138 138 138 138 138 138 139 139 140 140 140 141 141 141 141 142 142 142 142 142 142 142 143 143 143 -1.7e+308 -1.7e+308 -1.7e+308 -1.7e+308 -1.7e+308 -1.7e+308 -1.7e+308 -1.7e+308
130 132 132 132 132 131 132 133 133 133 133 133 134 135 135 135 136 136 137 137 137 137 137 137 137 138 138 137 138 138 138 138 138 139 139 139 139 138 139 139 139 139 140 141 141 141 141 142 142 142 142 142 142 143 143 143 143 143 143 143 143 -1.7e+308 -1.7e+308 -1.7e+308 -1.7e+308 -1.7e+308 -1.7e+308 -1.7e+308 -1.7e+308 -1.7e+308
131 132 132 133 133 133 133 133 134 134 134 134 135 136 136 136 136 136 137 137 137 137 137 137 138 138 138 138 138 138 138 139 139 139 139 139 139 139 139 139 140 140 141 142 142 142 143 143 143 143 143 143 144 144 144 144 144 144 144 144 -1.7e+308 -1.7e+308 -1.7e+308 -1.7e+308 -1.7e+308 -1.7e+308 -1.7e+308 -1.7e+308 -1.7e+308 -1.7e+308
131 132 133 133 134 134 135 135 135 135 135 135 136 136 137 137 137 137 137 138 137 137 137 138 138 138 138 139 139 139 139 140 140 140 140 139 140 140 140 140 141 141 142 143 143 143 144 144 144 144 144 144 145 145 145 145 145 145 145 -1.7e+308 -1.7e+308 -1.7e+308 -1.7e+308 -1.7e+308 -1.7e+308 -1.7e+308 -1.7e+308 -1.7e+308 -1.7e+308 -1.7e+308
182 133 133 133 134 135 136 135 135 135 135 136 137 137 137 138 138 138 138 138 138 138 138 138 138 138 138 139 139 139 140 140 140 140 140 140 140 141 141 141 142 143 143 144 145 145 145 145 145 145 145 146 146 146 -1.7e+308 146 146 146 146 -1.7e+308 -1.7e+308 -1.7e+308 -1.7e+308 -1.7e+308 -1.7e+308 -1.7e+308 -1.7e+308 -1.7e+308 -1.7e+308 -1.7e+308
133 134 134 134 135 136 137 137 136 136 136 137 138 138 138 139 139 139 139 138 138 138 138 139 138 138 139 139 139 139 140 140 140 140 141 141 141 141 141 142 143 144 145 145 146 146 146 146 146 146 146 147 147 -1.7e+308 -1.7e+308 -1.7e+308 -1.7e+308 -1.7e+308 -1.7e+308 -1.7e+308 -1.7e+308 -1.7e+308 -1.7e+308 -1.7e+308 -1.7e+308 -1.7e+308 -1.7e+308 -1.7e+308 -1.7e+308 -1.7e+308
134 134 135 136 136 137 137 138 137 137 138 138 139 139 139 139 139 139 139 139 138 139 139 139 138 139 139 139 139 140 140 141 141 141 141 141 142 142 143 143 144 145 146 146 147 147 147 147 148 147 148 148 148 -1.7e+308 -1.7e+308 -1.7e+308 -1.7e+308 -1.7e+308 -1.7e+308 -1.7e+308 -1.7e+308 -1.7e+308 -1.7e+308 -1.7e+308 -1.7e+308 -1.7e+308 -1.7e+308 -1.7e+308 -1.7e+308 -1.7e+308
135 136 136 137 137 138 138 139 138 138 139 139 139 140 140 139 139 139 139 139 139 139 139 139 139 139 139 140 140 140 141 141 141 141 142 142 143 143 144 144 146 146 147 147 148 148 149 149 149 149 149 148 -1.7e+308 -1.7e+308 -1.7e+308 -1.7e+308 -1.7e+308 -1.7e+308 -1.7e+308 -1.7e+308 -1.7e+308 -1.7e+308 -1.7e+308 -1.7e+308 -1.7e+308 -1.7e+308 -1.7e+308 -1.7e+308 -1.7e+308 -1.7e+308
135 136 137 137 138 139 139 139 140 140 139 140 139 139 140 140 140 140 139 139 140 140 139 139 139 139 140 140 140 141 141 142 142 142 143 143 143 144 145 145 146 147 148 149 150 150 150 150 150 150 -1.7e+308 -1.7e+308 -1.7e+308 -1.7e+308 -1.7e+308 -1.7e+308 -1.7e+308 -1.7e+308 -1.7e+308 -1.7e+308 -1.7e+308 -1.7e+308 -1.7e+308 -1.7e+308 -1.7e+308 -1.7e+308 -1.7e+308 -1.7e+308 -1.7e+308 -1.7e+308
136 137 138 139 139 139 140 141 141 141 140 140 140 140 141 141 141 140 140 140 140 140 139 139 139 140 140 141 141 141 142 142 143 143 143 144 144 144 146 146 147 148 149 150 150 151 151 151 151 150 -1.7e+308 -1.7e+308 -1.7e+308 -1.7e+308 -1.7e+308 -1.7e+308 -1.7e+308 -1.7e+308 -1.7e+308 -1.7e+308 -1.7e+308 -1.7e+308 -1.7e+308 -1.7e+308 -1.7e+308 -1.7e+308 -1.7e+308 -1.7e+308 -1.7e+308 -1.7e+308
136 137 138 139 140 141 141 141 141 141 141 141 141 141 141 141 141 141 141 140 140 140 140 139 140 141 141 141 142 142 142 143 143 143 144 144 145 145 146 147 148 149 149 150 151 152 151 151 -1.7e+308 -1.7e+308 -1.7e+308 -1.7e+308 -1.7e+308 -1.7e+308 -1.7e+308 -1.7e+308 -1.7e+308 -1.7e+308 -1.7e+308 -1.7e+308 -1.7e+308 -1.7e+308 -1.7e+308 -1.7e+308 -1.7e+308 -1.7e+308 -1.7e+308 -1.7e+308 -1.7e+308 -1.7e+308
138 138 139 139 140 140 141 142 142 142 142 141 142 142 141 141 141 141 141 141 140 140 140 140 141 141 142 142 142 143 143 144 144 144 145 145 146 146 147 148 148 149 150 151 151 152 -1.7e+308 -1.7e+308 -1.7e+308 -1.7e+308 -1.7e+308 -1.7e+308 -1.7e+308 -1.7e+308 -1.7e+308 -1.7e+308 -1.7e+308 -1.7e+308 -1.7e+308 -1.7e+308 -1.7e+308 -1.7e+308 -1.7e+308 -1.7e+308 -1.7e+308 -1.7e+308 -1.7e+308 -1.7e+308 -1.7e+308 -1.7e+308
