layers/bio9.asc
NCOLS 292 
NROWS 290 
XLLCORNER -87.625 
YLLCORNER 24.5 
CELLSIZE 0.0416666666666667 
NODATA_value -1.7e+308 
[rows 31 to 61 of 290, columns 140 to 209 of 292]
155 154 155 155 156 156 155 156 157 156 154 156 157 157 158 158 159 159 160 159 106 105 105 105 105 105 105 106 106 105 106 107 105 105 106 107 108 108 108 109 110 110 110 109 110 110 110 109 108 108 109 108 109 108 109 109 110 110 110 110 110 110 109 109 109 109 110 110 110 110
156 155 156 156 156 156 155 157 156 155 155 155 156 158 158 158 159 160 160 107 106 106 106 106 105 105 105 105 105 106 107 107 106 107 107 108 109 108 109 110 111 111 111 110 111 111 111 111 110 109 109 110 109 109 109 110 110 110 110 111 111 111 111 110 110 110 110 111 111 111
156 156 156 156 157 156 157 157 156 156 156 155 157 158 158 106 107 108 108 107 107 107 107 106 105 106 105 105 106 107 108 107 108 108 108 109 109 109 110 111 112 112 111 112 113 113 113 111 111 110 110 111 110 110 110 109 109 109 110 111 111 111 111 111 111 111 111 111 111 111
155 155 156 156 157 157 157 156 157 156 156 157 157 158 159 107 107 108 108 108 108 107 107 107 107 107 106 106 107 108 107 107 108 108 108 109 110 110 112 112 112 112 112 113 114 114 112 111 111 110 111 111 111 111 110 110 111 110 111 110 110 110 111 111 110 111 110 110 111 111
155 156 156 156 158 158 157 157 157 157 157 157 157 106 106 107 108 108 108 108 108 108 108 108 107 106 106 106 107 107 107 107 108 108 109 109 109 110 111 111 113 114 114 114 114 113 112 112 111 111 111 111 112 111 112 111 112 111 111 112 111 111 111 111 111 111 111 111 112 112
156 157 157 156 157 158 157 158 158 158 158 158 106 106 107 107 108 108 108 108 108 109 108 108 107 106 107 106 107 107 107 108 108 108 109 109 110 110 111 112 114 114 114 114 114 114 113 112 111 112 113 112 112 113 113 113 112 112 111 112 113 112 111 112 112 112 112 112 112 113
157 159 158 157 157 157 158 159 158 158 159 159 106 106 107 107 108 109 109 108 109 109 108 108 107 107 107 107 107 107 108 108 108 109 109 109 110 111 112 113 113 113 113 113 113 114 113 114 113 113 113 113 113 112 113 113 113 113 113 112 113 113 112 113 113 113 113 113 113 113
158 159 159 158 159 159 159 160 159 160 160 107 107 107 108 108 108 108 109 109 109 109 108 108 108 108 108 107 107 107 108 108 108 108 109 110 111 112 113 113 113 112 113 112 113 115 115 113 114 114 114 113 113 112 112 113 113 114 114 113 114 113 114 113 114 114 114 114 114 114
159 159 159 159 160 160 160 160 160 160 107 108 108 107 108 108 109 109 109 109 109 109 109 109 109 108 108 107 107 108 108 107 108 108 110 111 112 112 112 112 112 113 113 113 113 114 115 114 115 114 114 113 114 114 114 114 114 114 114 114 115 115 114 114 114 114 115 115 115 115
158 159 160 160 159 159 159 160 160 108 108 109 109 108 108 108 109 110 109 109 109 110 110 109 108 108 108 107 107 107 107 108 108 109 110 111 112 112 112 111 112 113 114 114 115 115 116 115 115 114 114 113 114 115 115 115 115 115 115 114 114 115 115 115 115 115 115 115 115 115
160 159 159 159 159 159 160 160 160 108 109 109 108 108 108 109 110 110 109 109 109 110 110 109 109 109 108 108 107 108 108 109 109 109 110 112 112 113 113 113 113 114 114 115 116 116 115 116 115 115 114 115 115 116 116 116 116 116 116 115 115 115 115 115 115 115 115 115 116 116
160 161 159 158 158 159 160 161 108 109 110 109 108 108 109 110 110 110 110 110 110 110 110 110 109 109 108 108 108 109 109 109 109 110 111 111 112 113 114 114 114 114 115 115 117 116 116 116 116 115 116 116 116 117 117 117 117 117 117 116 116 116 115 116 116 116 116 116 116 116
160 161 160 159 159 108 108 109 110 110 109 109 109 109 109 109 110 110 111 110 110 110 110 110 110 109 109 108 108 109 110 110 109 109 110 111 112 113 113 115 115 115 115 116 117 116 116 117 117 116 117 117 118 118 117 117 117 117 117 117 117 116 117 117 116 116 116 117 117 117
160 161 160 159 108 109 110 110 109 109 109 110 110 110 110 110 110 110 110 111 111 110 110 111 110 110 109 109 109 109 110 110 109 110 111 111 112 113 113 114 115 116 116 117 117 118 118 118 117 117 117 118 119 119 119 118 118 117 117 117 117 117 117 117 117 116 117 117 117 117
161 160 161 108 108 109 109 110 110 110 110 111 111 111 110 111 111 111 111 111 112 111 111 111 110 110 110 109 110 111 110 111 111 111 112 112 113 113 114 115 116 117 117 117 117 118 119 119 118 118 118 119 119 119 119 119 119 119 118 118 117 118 118 118 118 117 117 118 118 118
160 161 161 109 109 110 110 110 111 111 112 112 111 111 110 110 110 112 112 112 112 112 111 111 110 110 109 110 110 110 111 111 113 113 112 113 113 113 114 115 117 117 117 118 118 118 119 120 119 119 119 119 119 119 120 119 119 119 119 119 119 118 118 118 118 118 118 118 118 118
161 160 109 110 111 111 110 111 112 112 112 112 111 111 111 112 112 112 112 113 113 112 112 111 111 110 109 110 111 111 111 111 112 114 114 113 113 114 115 115 116 116 117 118 118 118 120 120 120 120 120 120 120 120 120 120 120 119 119 119 119 119 119 118 118 118 118 119 119 119
162 110 110 110 111 112 111 111 112 111 112 111 111 111 112 111 112 113 112 113 113 113 113 112 112 111 110 111 111 112 111 112 113 114 115 114 114 115 115 115 116 117 118 117 118 119 121 121 121 121 121 120 121 121 120 120 120 120 120 119 119 119 119 119 119 119 119 119 119 119
162 110 111 111 111 112 112 112 113 112 112 112 112 112 112 112 113 113 114 113 113 114 114 113 112 112 112 111 112 113 113 113 113 115 116 115 114 115 116 116 116 116 118 119 119 119 120 121 122 122 121 121 122 122 121 120 120 120 120 120 120 120 119 120 119 119 119 120 120 119
110 111 111 111 112 112 112 113 113 113 113 113 113 114 114 113 113 114 115 115 116 116 114 114 114 114 113 112 113 113 114 115 114 115 116 116 115 115 116 117 116 117 118 119 120 120 121 122 122 122 122 122 121 122 121 121 121 120 121 121 121 121 120 120 120 120 120 120 120 120
110 111 111 112 112 113 113 113 114 114 114 113 114 114 114 113 114 115 115 115 115 116 116 115 115 114 114 114 114 114 114 115 115 115 116 117 115 116 117 118 117 118 119 119 120 120 121 122 123 123 123 122 122 122 122 121 121 121 121 121 121 120 121 121 120 120 121 121 121 120
111 112 112 113 113 114 114 114 114 114 114 114 114 115 114 115 114 115 116 115 116 117 117 117 117 116 114 116 115 114 115 115 116 117 117 118 117 117 118 119 118 119 120 120 121 121 121 122 123 123 124 123 123 123 123 122 122 122 122 122 121 121 122 121 121 121 121 122 121 121
112 112 112 112 113 113 113 114 115 115 115 114 115 116 115 115 115 115 116 116 117 115 115 116 116 117 116 115 116 116 116 117 116 117 117 118 119 118 118 119 120 120 120 120 121 121 122 122 123 124 124 125 124 124 123 123 123 123 123 122 122 122 122 122 122 122 122 122 122 122
112 112 113 112 113 113 114 114 115 116 116 115 116 116 116 116 116 116 115 116 115 115 116 117 117 117 117 117 117 116 117 118 117 117 118 118 120 119 120 120 120 121 120 121 121 122 123 123 123 124 125 125 125 125 124 124 124 124 123 123 123 123 123 122 122 122 122 123 123 122
113 113 114 114 113 114 115 116 116 116 117 116 116 117 117 117 117 118 118 117 116 117 117 117 117 117 118 118 118 118 119 118 119 119 118 119 119 121 121 121 121 121 122 121 122 123 123 124 124 125 125 126 126 125 125 125 124 124 124 124 123 123 123 123 123 123 123 124 123 123
114 114 114 114 114 114 115 116 116 117 117 117 118 118 119 119 120 119 118 118 118 119 119 119 120 119 119 119 119 119 119 119 119 119 120 119 120 121 121 122 122 122 122 123 123 123 123 124 125 125 126 126 126 126 125 125 125 125 125 125 125 124 124 124 124 124 123 124 124 124
114 115 115 115 115 115 115 116 116 116 117 118 119 120 120 120 120 119 118 119 119 120 120 120 119 119 120 121 121 121 120 120 120 120 120 121 121 122 122 122 123 123 123 123 124 124 124 124 125 126 126 127 126 126 126 125 126 126 126 125 125 125 125 125 124 124 124 125 125 125
114 114 115 116 116 116 116 117 118 118 118 119 119 120 120 122 121 120 120 121 121 120 121 121 121 121 122 122 122 122 121 121 120 120 121 122 122 122 123 123 123 123 124 124 124 125 125 125 126 126 127 127 126 127 127 127 126 126 126 126 126 126 125 125 125 125 125 126 126 126
115 116 116 116 117 117 118 118 119 119 119 119 121 120 121 122 123 122 123 123 122 122 121 122 122 123 122 123 123 123 122 122 121 121 122 123 123 123 123 124 124 124 123 124 124 125 125 126 126 127 127 126 126 126 127 127 127 127 127 126 126 126 126 126 126 125 125 127 127 126
116 117 117 117 118 118 118 119 119 120 121 121 121 122 123 123 124 124 124 124 124 123 122 122 123 122 123 124 124 123 123 123 122 123 124 124 124 124 124 124 124 125 125 125 125 125 126 126 127 126 127 127 127 128 128 128 128 127 127 127 127 127 126 126 126 126 126 127 128 128
168 117 117 117 117 118 118 119 120 120 121 121 121 122 124 124 125 125 125 125 125 124 122 123 124 124 124 125 125 124 124 123 124 124 125 124 125 125 125 124 125 125 125 126 126 126 126 127 127 128 127 128 128 128 128 128 128 128 128 128 128 127 127 127 127 127 126 129 128 128
